598949
201163
867285
621461
122305
945198
180676
340876
500863
311727
863413
438348
861189
85196
924421
603668
52970
299982
119314
993616
77314
71504
603236
393647
873979
185473
230002
55010
801831
694910
309955
709183
14493
188788
674070
598551
202902
688788
349939
141869
256593
100148
166046
485300
95703
465972
551080
502473
198053
636467
832627
825612
477842
641070
543428
734055
229013
627305
59250
997280
510936
815785
539208
796842
428342
543389
813719
603670
84719
604933
254806
837473
945362
207069
476626
969412
673829
679426
300909
129885
909364
168546
206736
24811
593561
937004
479046
124775
872338
974131
27398
613697
534786
330887
761003
139178
287350
825977
910719
287382
507123
571619
986282
759931
216442
446984
292790
152635
634402
13478
111396
67513
184835
726885
401636
302743
326361
121118
492872
62633
522021
284617
635905
925012
271949
472846
313606
41641
10036
523120
776985
112754
842986
129078
232902
119858
961133
681378
803700
758467
455897
103864
997503
601027
545202
77412
596386
131950
976891
608778
891161
720282
484653
476121
347132
172371
412975
137856
851710
739807
318642
264024
883543
700053
933368
651535
170061
199583
15922
163547
918552
859447
343750
148121
276070
111132
857102
979949
871556
530692
976416
298745
143411
912840
380218
834395
473248
597707
554979
938270
774938
919426
895457
88204
262608
735476
676381
170551
265123
847990
668194
760508
742598
740073
11074
902883
812536
67591
528819
530902
511031
47721
199253
753389
168207
320527
1671
908935
87403
524832
447316
669866
868939
575207
123845
245433
396668
777401
447685
959327
78811
414905
516393
674921
74755
168041
918851
649642
69049
714968
196366
841292
155323
808254
175216
801306
637926
766024
341281
370272
82463
686821
189237
659772
498108
193343
89536
515063
108430
69173
183296
607654
576474
212154
211570
721300
629489
926489
542080
526224
937916
747464
263168
416335
441330
807852
14749
314913
433274
647131
819191
589574
899417
504315
24013
208399
208860
912909
903486
844959
904273
215567
793032
464299
266643
730937
669833
707898
89071
186074
800282
854891
171106
629864
489325
619814
983391
990644
995959
1703
702744
916941
164544
394349
983951
974397
610122
315480
31431
303839
337598
66174
877424
488841
561979
359876
295105
655595
635649
77676
377049
1228
391223
735377
205652
49030
839197
375661
948974
843963
685386
780444
786339
621975
343195
605569
567982
244173
83475
414089
52801
320670
527419
296700
676217
753069
982785
639605
612815
956347
172462
117954
998213
522052
124736
601415
113010
533108
653261
451519
465653
659404
339029
153081
535692
960076
497924
389173
385127
440440
225806
315568
850648
463067
931954
232795
420962
495640
206784
301032
657701
627460
58122
17037
992812
744622
96430
287235
735579
401233
239197
994877
285362
751071
780547
146088
166279
796462
996163
228559
300479
665246
278509
264147
42916
460834
354660
266856
528560
216736
793011
334089
355801
255115
761022
642892
882547
119288
897597
632091
815394
272683
250867
563332
951889
923421
334083
437124
654850
601302
573323
481559
446166
561795
371479
297058
169698
415034
142717
954166
961851
485289
699549
560046
847224
740519
705153
263723
327118
972969
554600
922738
29433
665818
328193
159277
627546
985005
136856
861504
982727
486134
237751
924182
384040
426507
74136
719828
345105
793251
650040
629288
268814
300109
871283
264698
614593
952615
856527
916704
92052
469361
794638
132408
330416
566673
541089
617295
825891
261849
191660
931547
632240
400187
855013
598814
915519
312265
544220
866631
426073
936373
238294
753702
258794
233924
892750
727076
582899
685222
27844
182230
887889
206323
609682
750751
703586
429820
891655
85153
799746
389065
228623
344001
142708
633132
304260
360090
629749
153655
515488
228152
526239
383293
948691
213293
214247
651347
79598
272829
448497
753557
37173
975003
93217
760876
425128
360456
548704
352646
274784
213824
38353
748987
84731
257821
594252
217897
364388
403735
327867
365113
446740
354992
459555
508013
545743
333519
540070
198886
681197
738183
565641
783709
500512
727990
293467
794313
236397
47427
44923
110255
512330
64963
518187
138706
689421
360168
991920
534087
784041
242817
30607
509356
447566
675681
516764
154548
246819
671825
191059
12755
374745
42800
739312
856498
282848
853254
985646
536395
718386
890193
24621
76716
395601
891102
427351
680512
889287
134689
185015
233738
468648
394288
120417
129296
871863
707634
779931
497875
261610
818970
550147
134087
615570
985896
694267
896554
834407
94856
39377
20488
481474
455376
902358
894448
151144
539146
374240
876991
90915
141413
358219
392270
688606
923955
576103
589025
806689
627214
673564
703897
908761
721563
706035
774837
316076
542396
171904
805084
912867
307648
129792
208840
9465
185258
201036
533824
222339
542175
24586
616293
336646
638524
286470
794907
293871
289195
414229
490478
577135
181228
129105
729711
60520
394328
12538
74287
978669
853462
756714
570821
223311
127677
797831
662068
22298
238965
107109
567678
322898
139
317977
843203
914024
629089
149344
215116
472271
111286
913807
798569
315653
889874
815722
312433
618724
471641
203957
613135
129414
233395
187208
410071
79740
340435
727909
367420
842426
310195
858728
356576
514128
665530
169375
615638
922949
465012
892814
894911
119040
794150
141887
763021
151573
327695
952043
724913
40871
232306
493333
108021
916070
644673
281591
671366
776688
197472
297033
833644
873006
637764
831423
142347
541468
129498
664795
7894
273154
876145
878772
254085
641808
304275
216168
267013
135161
225373
436104
540324
797512
296774
404312
592975
535968
777645
414097
926374
112678
230863
377760
548683
620150
397498
900297
890470
449154
945472
956540
457033
502055
115399
922844
832281
886837
305727
74799
575009
683553
142564
389872
888153
221369
10045
312884
732755
676619
146417
624562
115432
767496
523560
217489
347918
318533
10454
331695
602874
59352
767882
515096
639642
796837
644827
426482
672381
680220
713549
733070
718886
149775
493958
363567
41201
58128
555798
608056
356063
895489
911806
281552
871322
757396
551246
810787
551333
282956
632427
324629
786084
211127
383277
532185
44458
880716
964356
52760
862295
457448
562452
633640
214047
662463
141322
94036
476648
579396
665664
799744
32917
963733
146476
125945
268183
6016
936561
429813
405037
216762
657441
459731
134007
755479
502018
675757
260984
814605
110134
867295
991297
666645
498992
73898
791521
612594
145305
868972
191451
881134
803567
182079
926779
85123
689395
369929
958280
42577
943084
280341
762844
474879
478757
350629
775609
894503
256864
413180
492874
35909
821554
742908
80450
472684
943180
393104
417173
217536
6714
160387
606265
586987
768564
456409
170072
26759
649726
798762
676411
959787
275924
186922
605748
750299
705774
231894
660627
880738
486989
296099
115927
816670
817486
482649
37941
565060
417917
755979
73784
847145
249783
787430
727041
234459
429074
456143
478034
230474
432712
36737
57269
545397
25116
757792
735062
236990
307635
970380
811322
202947
579021
392975
555980
683645
482795
194993
143461
901208
33586
588125
30418
543217
82249
405980
619504
692302
416558
250774
811669
782255
52844
84643
880530
132016
94653
325090
349077
592562
246716
972610
735910
118584
178288
888051
487246
176378
63970
806201
112656
803505
647500
417905
8090
310735
994514
475024
638468
138643
984151
621233
504976
78165
881269
410416
450087
83340
444839
69679
961253
439710
896647
474726
655573
999139
360074
642449
794874
430950
535996
696301
598112
631410
479226
165378
845727
749964
436922
211961
822050
274968
859205
883030
834593
527864
1704
598167
770743
167792
887600
835868
16828
857778
764138
35154
315341
670918
649706
363518
341671
15622
224744
279712
765048
577036
897057
137504
109451
337329
41350
619468
237488
854395
412665
202091
976213
33409
546448
108504
594308
292458
489794
614956
255861
660616
367656
452266
366463
940453
243082
497004
199349
199588
851379
422016
142747
471247
147014
174801
248368
639919
289469
893136
595023
540123
287962
183892
464709
198712
927302
487023
832191
428349
233183
934993
343095
674056
168068
313063
234836
78662
634701
118328
150305
433253
3262
765727
402759
550550
844828
609101
212472
109052
885819
857355
434952
531357
34975
347596
637612
883878
497676
652682
268205
115331
517472
255753
296682
326982
330576
575573
534270
159651
949326
288483
241892
832637
908911
389236
641467
376712
590818
585570
227803
417156
129661
891195
21595
342148
266806
83944
286943
620139
608094
897368
834159
643598
783951
644872
738279
894993
906361
33829
119989
17281
349527
868634
623399
14399
93082
454090
574150
645569
449084
575777
667474
964389
33811
238404
335181
944079
758445
342258
179667
632718
493288
472307
205408
126147
546769
467698
3380
350152
722506
520792
31823
399565
101530
872571
700708
184251
464438
952563
331687
776196
58018
912303
633775
584297
947818
767041
947289
659176
952103
161955
508487
185759
192883
242490
391568
156165
638443
998948
728383
804269
487563
101640
929633
999266
523783
254472
188459
339279
225633
601570
64383
817489
152148
338209
20438
590051
902403
959824
902722
727196
918155
52553
769066
674729
552378
709422
681865
995088
187114
960831
700788
210987
64506
476438
434909
912000
993598
750524
465192
444553
652399
652396
84600
932798
166207
899689
362482
496965
912825
284936
964637
21563
889226
89778
561895
776281
835776
858556
503038
597063
244427
908247
268780
244850
427936
259596
547425
812448
987457
719335
907803
510728
771709
439438
7719
914901
153139
771186
853972
632969
258185
124437
62578
136706
882073
18795
548868
351009
744751
215800
929455
621901
541473
494287
734306
306258
601349
263714
209124
995877
493950
597910
974199
39752
442713
55151
165227
677538
861930
191787
330291
979882
256437
747902
818637
719446
641176
446504
517502
313096
663491
607123
151091
883446
923526
938676
447604
219120
355950
880216
351987
11227
380093
449716
325334
422604
428052
116658
425715
445726
823442
227920
429152
419074
404274
989690
316184
645024
426764
381021
748176
431803
903794
819517
607984
94333
562577
89732
228697
476190
2266
626249
64082
624006
233375
397591
639737
232572
425184
84449
765405
261873
602189
241993
189481
929864
641581
15146
428954
644792
409166
206831
907853
355330
516029
704246
179339
34814
115186
278979
668830
208185
333116
446158
716391
8676
793650
851074
908191
881980
260324
626137
603014
842066
766021
465023
751620
917908
248794
643109
594642
276060
379655
703460
964018
171889
841272
568282
690930
570484
943641
724757
641552
854653
621604
503896
12723
664950
857325
557702
10716
910561
286145
553369
663004
207451
517975
997296
135022
520609
216574
534202
386237
109092
121718
161190
100307
751642
568219
688205
339061
150841
775089
962332
325255
717888
564963
191847
872127
241949
249479
539998
147397
873813
471131
918314
578278
607225
683773
996741
424702
313208
680009
990978
622772
293703
503978
909421
73937
615026
898010
252031
768469
365287
731613
457608
353582
147070
917368
463336
454139
826702
523041
27660
18890
530435
438772
751930
736318
549065
94133
593494
716413
674245
36775
278479
331645
244448
621789
485746
967600
379306
861209
310247
672139
876967
827641
190559
220370
594820
59814
28896
466018
811904
158867
495645
985345
948808
368292
720778
419297
209399
807991
36148
869468
52992
493856
584637
219777
443569
764597
23463
414795
542822
890615
726888
926594
781627
11485
232226
337982
123928
675461
791121
566842
554456
811343
178104
811676
490189
136167
848970
958076
543286
366005
299666
687226
631132
170908
518637
408882
369729
96532
304405
234741
546564
151400
690205
268491
69230
717948
966445
162033
112052
513437
629424
375619
263895
456502
942138
978055
828979
244982
791656
973948
343473
121846
305502
907495
39279
689601
454354
1363
799495
7743
699505
462718
167282
922039
68754
176654
710907
463147
413155
775063
438474
373949
744515
142381
964837
185749
36870
404029
56078
841209
716988
361355
889484
527900
563972
601845
810663
264365
962043
536354
674008
974932
166203
335072
512997
718585
991662
798519
877990
773474
716325
421123
443553
960143
410316
351229
31342
149628
501332
239892
759005
38310
319950
973939
618648
943868
744648
942403
769636
234515
703564
20164
654349
197164
206157
989223
407308
911983
872609
398896
738342
276792
454471
131760
164004
921980
2646
668800
557896
303917
156701
701614
33374
508107
597393
332633
260061
15205
319850
45036
790523
41116
166729
414377
934767
314563
187874
298884
64485
636986
245621
86186
659503
617721
599711
524370
329237
197588
637801
773155
598921
683790
359873
960191
66092
40163
898735
477877
791542
905813
244564
287337
968406
481389
145257
733302
949690
231005
290447
297560
405381
934017
767187
765594
499279
773099
457976
891329
317232
990209
271548
25390
699716
900923
49751
788458
689485
877259
181823
616708
163311
704336
550892
864088
519994
665140
542500
980315
780661
847002
698260
69124
956203
95502
911565
380864
535975
884572
889872
604523
334679
956083
613682
657426
368286
420927
81615
470648
658303
362841
453493
275581
810152
506755
985038
859571
323975
961179
949992
3423
154886
323528
153225
787609
830788
973849
477473
794581
857428
259605
944164
745121
827893
560786
608972
100863
252798
382632
11705
263043
143519
746825
530386
813441
714103
965880
573580
640531
763019
639578
898980
660757
596119
279271
155834
970450
813559
419923
430406
297612
59438
152658
904073
251632
601378
458082
48042
815190
510931
328819
555447
316302
438798
105544
308070
809496
20046
294515
379065
792445
143946
557151
745451
484505
794816
792973
162993
106128
986302
705723
132729
200729
818648
382767
894132
58724
814873
682173
743428
663033
289054
37724
521184
257424
706400
894650
615348
655239
811111
178702
360240
243462
803842
916402
587614
676274
334279
429968
576427
888551
414720
355184
931790
572751
104794
513036
573331
299803
205392
431638
144341
943197
260067
777495
978016
735962
487342
904676
416297
397494
804957
643409
27758
335306
970395
107015
542703
866823
22430
378956
932961
406779
810120
511593
153864
5872
133260
362320
874156
553859
510893
846106
174100
60372
189570
322450
163768
708173
643667
337369
978390
399294
196899
753203
361194
824740
831555
227057
226241
947868
583514
681855
713920
195530
94754
908254
163882
80176
315737
59157
567439
445113
529312
556081
671222
845716
298452
758992
300303
575998
474731
67898
451756
232402
962138
833534
192159
824810
195420
82389
271416
353390
539180
195759
910901
123751
720092
945210
225894
185742
930987
263121
934444
104775
402415
98752
407338
356873
593603
985641
230842
140287
920618
256666
433328
713009
180915
985024
944248
679287
852899
33239
284775
119265
909732
675941
508600
867250
409540
498924
962245
606006
527128
444435
99380
770323
342575
617090
604118
4315
164760
741307
710690
463428
302784
422964
774728
648861
21229
459354
670210
990802
645538
495217
354449
335899
350350
138940
261875
468534
969538
219423
193594
636854
607793
857475
808370
476198
138531
674621
129408
819406
705150
223813
699707
815474
251637
241162
600163
493390
729389
563368
832958
227766
578756
424140
8003
860657
459159
608675
253155
405190
218912
458266
183557
992011
371269
103038
391148
210827
187737
784781
377819
426263
142452
66666
57506
557872
773814
379936
4056
93154
668225
554548
783172
655364
132588
911793
752148
445891
224851
756445
951669
806606
443086
747087
685555
740333
34465
391355
589231
787878
446741
823826
266703
124031
327848
987656
892407
900534
165860
916958
458114
824856
920039
253361
832415
909645
497982
258154
135785
486317
61199
305769
724957
808269
421659
767224
554952
224141
534878
908445
567592
791866
264829
9176
567942
278772
442424
166372
828447
204619
919404
153692
495222
231971
139842
135108
612310
481647
529037
394972
331001
688202
857444
884009
52441
499788
183263
794289
147921
104107
928405
569067
903977
599686
113590
103201
952823
474134
802745
96531
718571
281239
131351
472476
735555
587343
318481
186907
717344
541976
343003
220621
402963
130957
211490
556758
943590
583126
459691
639021
293398
929460
700380
656654
471915
539394
734443
769061
52325
702993
457523
327058
439259
541243
499322
105278
426537
954792
622795
233415
970822
742304
95457
862381
191495
889114
171781
217950
703214
815638
265461
3219
566309
825748
97016
579513
788031
326094
1254
187379
964041
79592
787700
866043
922832
885800
178136
123159
133203
200563
155146
165130
676854
623581
39673
449341
168884
950770
909719
3882
234819
859976
540256
518763
799762
413676
929156
299231
814017
774349
296768
93910
118863
697379
711962
509785
804402
7482
415578
417476
678595
872097
897732
246442
158459
334984
399386
10803
844352
373438
866635
440212
185275
647149
372880
990503
241639
808628
204847
982610
831494
748109
16206
432677
17032
936175
708495
539879
439177
898867
507447
326324
353585
135849
351890
940844
340248
101534
716526
103987
347401
980582
182999
638974
729719
964939
447130
759473
395003
673604
574469
796720
21033
644943
311426
6360
818314
582214
400817
150245
539113
562551
391399
465020
364990
495102
834814
370576
611832
861393
671807
103300
81804
167270
182351
501560
370447
498118
807186
790990
243230
323658
914957
851760
580891
620537
223063
146
637912
427559
17566
842752
954387
779907
107832
502819
946085
218191
34648
942587
950396
968025
348513
648445
954664
874272
423035
165098
365106
417910
295111
756281
8827
686060
730662
458093
596627
457600
285958
736072
319655
631269
405867
705992
103142
679471
953227
941351
708211
182624
830434
649370
141590
448449
364781
60075
357350
281893
144175
294743
504998
831237
874526
850864
360481
153900
250953
145907
669011
987890
757681
984508
225327
967674
380814
62079
824760
88332
264516
466356
718679
63420
976218
886996
610377
122525
26189
688354
369471
20500
69724
812538
343568
204335
460669
329709
877067
315292
996283
157548
612488
701763
437930
660218
829720
132757
553224
346213
827939
137483
268720
390594
497559
297690
62161
497963
418317
529847
361422
983419
787619
154358
399685
138547
234262
566353
125330
410823
140801
231995
255140
891907
40795
14037
355675
125967
645950
589436
479553
653721
713182
656570
409401
709336
586678
619576
482245
513306
441202
237111
773115
151012
671949
910076
832197
587266
936961
658902
434811
871558
926954
848569
193948
348020
661334
667879
228901
600431
890693
764390
528755
649012
900856
515515
925300
305785
833027
266903
147042
987997
458162
826894
414461
598217
989216
931724
116972
33918
585511
778332
745985
356151
377160
748843
96554
604191
50750
517831
269935
669527
480187
638076
736920
401123
94362
888066
538847
28769
963170
386356
841818
898049
940086
863089
656890
426437
903088
925886
939325
461187
637563
760695
475427
288716
889126
286069
569077
654332
753934
743671
489750
779170
88617
85582
837300
818880
950450
293707
4605
421491
474057
373628
169503
59272
656329
270478
393360
291998
827948
240792
242976
951018
184176
48465
535903
324446
899255
454950
325612
19596
457120
674077
103488
251797
612418
443373
916470
63789
130497
965345
924603
418571
83395
277604
159270
597755
511607
281410
13661
956164
502915
637176
877747
15631
369215
745617
906181
751445
335023
835465
792274
887005
310625
521872
3715
299767
338132
219332
578026
134724
377323
2582
640299
174456
992626
117504
593644
250958
200951
911271
621523
282316
590292
760716
520122
938650
727236
962044
750977
615817
190440
907119
148867
974756
261239
349941
496533
96828
855088
297255
796910
986644
37654
575731
363848
343719
380246
593375
136980
817766
71880
44038
390092
561642
120000
600770
938836
98067
603734
587465
510130
682127
110238
426973
260528
573430
465768
179029
468987
380248
796032
306390
906625
119093
241286
465286
115979
461074
392427
977881
789010
19831
850610
374329
382187
453195
475384
419158
434642
275239
440592
165634
23412
818210
368060
763999
525823
650980
294624
497334
568816
515729
75032
877906
778900
530911
445414
278296
678422
274976
242323
605488
523512
724223
534210
970
771879
586018
83857
479948
74020
52790
854486
495824
576624
5728
902502
466648
576288
65458
341455
316437
88874
371048
419086
188727
569798
184293
962155
326634
209871
306018
542228
420518
187808
834652
130909
362421
278073
611936
315836
372984
699567
446482
717606
190891
867024
323193
813084
43028
967893
737426
742607
426059
527205
688219
557407
528263
676076
591345
623494
176126
621847
886232
869716
921115
517245
581778
378248
223767
565161
688635
571990
353564
383857
736663
363364
838119
913582
943468
680669
471173
148414
112481
468343
223744
842380
326674
387520
938304
264126
564662
385410
730676
45724
581446
360146
88621
129151
585648
32451
408711
171020
867233
427981
161151
31581
730650
771265
622454
758258
653534
757083
389464
949422
596030
567569
95639
388433
550389
107288
197119
3356
390645
561140
110909
777077
1797
702390
303978
840578
673479
507781
649734
73089
243268
170107
720654
539503
272178
288939
835569
815311
702299
394167
622305
755653
205833
100891
225099
844898
871104
295267
131826
310700
454755
843937
774713
153630
703896
485531
113811
156083
454309
881343
387609
50856
218531
974271
479182
181158
58612
275005
425465
909675
532726
630448
648369
199460
995045
330459
787270
169108
191208
936869
847353
615371
171188
53451
273373
357795
269262
993669
531390
261537
496345
745263
570008
767125
464781
967111
538667
573057
123562
357161
684903
344641
828286
678039
342310
630081
947787
281198
754679
153200
338030
643792
15433
763360
299893
698945
772619
227412
595640
554094
269664
625072
341510
199354
659862
100901
236330
865557
670436
344025
281828
64080
372484
227691
149460
706716
440220
281747
970302
596067
159439
515433
716242
888437
991082
868064
388234
368790
848020
246008
369600
660797
262553
834494
561245
308807
723098
855981
774742
444112
28733
878089
316667
195935
956076
355241
627224
290476
149290
510098
619041
988944
38637
874421
915998
569543
568985
655005
245372
871695
101332
111894
222710
600285
12060
555258
858923
474992
264570
491621
124195
794408
613558
265335
848292
623176
677463
373375
105997
502979
261495
890743
355379
217399
808468
430253
580821
840566
335162
665677
407190
998823
239681
57307
766255
624281
987377
40542
626217
942606
609241
950628
200582
246342
35
894835
922610
164634
718117
243514
53607
114334
77741
81239
469668
563436
795601
772843
675672
77309
163197
571039
820799
73080
782058
810427
980375
190331
952135
983521
166416
219307
752278
659384
579360
980754
635695
740217
310518
682063
932048
905023
404227
947962
427677
910361
757552
866732
738271
579732
38386
873572
539831
975586
486831
969242
751170
184137
533335
786094
512231
521583
991441
103887
369407
501307
322424
618983
443014
717887
168210
392151
647424
498477
383993
588086
346649
515850
107549
364923
865895
652535
559379
671521
977064
745382
33171
576966
298085
178334
277662
710753
91041
743708
387473
281170
537374
17387
861747
456774
227862
993653
836360
223711
525880
266891
187919
643428
122839
705365
790359
484561
905703
569528
53665
252004
948076
348744
636823
912113
429900
16834
328209
849188
700972
329190
870159
129297
901435
419912
495185
185401
399563
743105
394337
393066
892575
845247
575638
739957
921996
899348
805262
575331
830656
325151
955277
835020
605717
126985
425154
379169
882390
604220
626721
71585
601756
267443
23660
769485
943994
227506
892621
739290
965047
8584
217804
329538
10763
910265
259978
259404
680942
245810
743151
56781
167997
691530
758029
811988
752814
275885
902786
530044
95184
846446
408565
305734
689929
684110
785766
635179
950692
877229
49959
684784
314413
244522
29799
145342
456132
130253
301406
242886
793677
567646
425287
329836
845740
60248
576690
509548
932761
702625
326149
180611
749047
991576
319034
760923
948104
70676
57137
773043
639457
815792
697405
19522
654521
420639
737495
486963
109887
389671
204513
416091
152649
328768
41498
479217
883445
4687
342049
518855
58519
442005
259702
253040
775204
905979
686148
347905
130393
984643
10302
315872
343388
253273
879787
247828
906976
290744
167462
942007
791300
380492
145992
266995
372325
388760
315450
513024
45770
941752
56494
581052
880244
366467
362450
647487
955864
613176
193440
944917
451228
945003
632580
658827
768039
624493
719681
822608
541196
110989
517972
907489
58937
164282
949770
693396
193647
78587
861753
74980
984834
947281
914533
115811
150660
467606
738206
168324
959042
568082
356489
699563
312836
686505
877454
322745
721097
754
686154
583841
834087
720794
316416
564904
567500
656232
267841
280471
682912
58202
724496
614968
575596
113635
992982
736493
848787
764605
270333
407630
348454
462354
723637
629847
201219
797298
570965
779573
309090
799556
517208
959363
299424
762148
852083
353861
566374
219673
151816
23962
653781
379975
304350
318459
383635
206381
360867
894796
219197
248783
133410
980398
570020
870312
78339
900233
660240
142132
326761
206976
279641
529274
889716
734980
275342
551287
561731
79599
584665
737413
884346
957151
903663
773415
46471
24292
604420
221823
820840
385014
443278
918917
916353
165947
107665
266889
391973
604900
687339
492398
173798
977466
147021
388414
55941
700314
365452
316508
528054
550601
455719
257786
617054
877286
490266
204797
942311
741016
233241
716136
551156
293692
967897
679015
974933
59901
292300
737199
939321
776944
300452
74619
8580
261529
490079
278046
788409
659099
744168
722805
33434
59803
87744
567244
177923
408942
908531
631937
282163
325297
403874
69581
183616
31386
989096
469225
484697
778217
464282
175205
327910
694450
675965
821158
833712
388448
510050
742026
611114
372662
434404
587556
888982
311453
978325
461536
164700
705519
281739
303294
440280
421335
944134
643373
374754
820391
194756
925011
912172
782364
522550
740015
66729
743360
539575
719029
529111
581595
666583
457455
81396
472590
426604
237445
551067
394831
176883
822258
265750
414389
525179
238716
957435
487493
94380
898106
321850
824868
593064
481444
715959
123326
338634
627136
945763
499348
229614
468007
96213
681514
370285
688261
79290
197036
772878
115002
109244
4131
340747
148155
165893
255946
657165
589490
871081
644964
971194
175048
284227
343233
160551
41580
235277
80439
264334
685286
742989
939490
360699
413267
347312
621334
257575
186954
709173
50121
558015
122063
485190
13767
235680
348747
313148
118804
890368
984604
815127
352509
369850
998163
774668
999525
576132
499720
13933
742900
92677
50983
633333
757851
893972
154803
133
908537
292170
217695
55042
84999
67965
926706
717084
115981
473754
685683
544091
945350
238629
740210
508075
481692
357564
859155
361711
920638
556787
200030
471315
456331
930285
751282
472950
744752
377732
792937
903555
614008
717684
701951
554969
749743
241653
340466
881794
640967
518595
502520
289557
747276
482072
918313
239275
439003
571673
706639
581309
521590
107030
289304
386674
505662
680427
16300
958556
458772
378165
332752
62013
429728
14208
963765
939385
431496
540559
375449
445082
977832
325260
960598
960723
198093
536095
789274
469709
300549
457442
128939
862387
246863
315268
220458
643877
674614
703844
285220
935425
413915
909954
355414
834355
968194
786407
588407
460726
252428
18139
671584
497017
394034
421008
660349
519806
65484
870926
164844
363202
595462
843654
826583
395753
104891
490777
252152
365618
588429
190867
676141
697570
287515
499154
673854
735790
565949
144234
31356
318187
854258
273707
501100
503143
748896
578479
262247
288099
870321
339176
345546
672517
87139
191460
867355
178048
95237
780324
877305
411073
913081
224816
333876
389775
203840
704117
790767
452673
303037
229605
184747
658193
557952
58541
110283
209348
29356
951261
911400
880053
317606
817261
177556
143636
548712
752211
714999
927888
96438
925223
738697
18774
940419
593889
638955
175578
374667
42097
395743
534660
569251
977480
981685
786239
342467
806563
380471
919673
960089
503356
591974
332269
393852
872026
826159
911851
15117
333064
490464
228723
402850
542338
600500
139447
527977
701283
452799
179687
651081
716765
739874
692131
345068
997721
275726
479289
644686
775943
283697
202893
347669
519162
806767
6106
418734
686075
593597
528879
565730
792879
160706
349489
191728
218570
803750
296096
809250
461167
137099
945869
855928
644928
164644
451204
498843
260646
141266
982201
651927
651204
611347
511418
420147
534398
996261
969284
15484
367276
574784
189002
864068
436725
656670
702772
640088
833687
376000
828143
639133
718003
269035
63788
848298
701467
362537
701646
99359
424831
474837
492191
201570
679400
13413
583986
225399
897194
244682
38550
738375
182790
417877
8473
876054
721992
874783
918880
972014
170219
669561
771193
935738
423402
439611
7469
135217
889637
696208
368685
674725
740399
755690
687988
832668
555921
10064
259312
800470
500822
808413
321498
679524
166824
507498
69182
607401
547453
844008
812723
532687
850050
968138
488714
159328
800664
782115
834845
546456
22093
847311
102841
623322
62169
19294
622545
796280
241922
457788
17468
477843
836117
233422
847038
798458
504040
755219
839054
812460
159388
933585
588504
384122
866217
382926
178926
978994
228651
852685
310018
287506
569591
250303
881046
751210
924604
337822
979428
825127
361802
560764
268394
183073
460139
108175
647953
885737
673443
384846
823424
443111
839339
614296
639474
927773
522898
557361
667828
593066
989060
281283
249111
507485
141765
731389
818185
234638
4701
587170
208333
149606
662518
418368
641886
74955
377645
21865
78454
640529
440308
459
508871
284670
222064
270712
554403
373454
766841
660545
485042
740114
624193
682317
96375
118021
442864
48298
923664
910709
544076
211834
719898
583729
785
103661
719546
695488
746457
658757
744362
79613
154579
211999
398662
470545
374227
49523
953466
586771
366978
9667
581499
626512
688739
153574
111439
284942
400247
620010
460823
584533
519572
599366
725503
499220
177777
733984
750718
384733
890179
607966
961598
416727
765879
44427
667605
557363
329639
445186
828564
268873
842888
983565
211006
734754
951997
28464
456678
709361
260851
382558
375747
999818
571560
40965
517448
700261
945055
515080
707528
861829
246583
205186
712308
522209
32095
568269
726425
848874
630563
744045
778997
11112
506813
859480
717746
533418
244245
21494
928616
210208
691046
638578
510274
465026
418764
383804
594024
195925
562269
5398
611601
836057
133608
813458
707439
295013
560095
105302
436079
705376
798929
622413
241883
5899
60018
827842
121913
716237
18684
380152
591105
619064
611948
261811
578317
300018
59082
774050
189127
244899
624378
95843
810334
933973
165084
991597
573351
179938
411799
561424
190623
200452
580865
844206
428976
983379
720264
189747
663624
703123
170365
903703
440027
16995
386438
267556
121833
359348
713874
819111
387348
133212
448358
341903
345213
827300
116381
100452
39705
317273
420111
59795
662412
517336
554921
130270
181643
254559
948249
108424
539391
694439
211596
492716
545252
7293
913122
636888
576436
585686
671727
709873
507601
845408
242616
230423
3447
345700
973113
204945
655704
661830
732272
889096
797652
20585
352015
832286
466308
668248
755626
851468
385150
581240
471274
622360
173261
239527
7664
186920
366629
735639
107094
21402
262431
812324
432645
454648
559529
908233
941937
359998
935617
512644
146363
762130
893581
305472
463201
242489
751881
697080
473110
738300
105418
992827
556374
145240
830703
803374
398767
251924
842379
662834
34766
32658
282273
964795
618649
237035
486977
360197
788313
325066
442859
331881
288952
810349
50417
892061
635157
312469
396092
292786
987809
775440
757390
642865
854006
752857
723807
81268
920407
715617
12769
144494
648871
170627
948299
321108
935571
583498
369943
895526
419878
183454
181022
629990
581890
623713
717996
231444
574465
284678
812869
498882
608231
123260
668083
614793
325189
191261
895666
890686
784795
294844
377562
175877
492540
69988
881759
493726
391700
785837
898819
621864
690723
700264
700823
562246
834743
679071
936981
70562
843570
114189
8610
398761
654980
598040
48204
953429
586097
961631
5152
103756
335318
204895
167189
415378
803020
218279
69973
328544
7440
765531
227163
94851
703137
953452
538432
565243
72544
957052
995326
10158
273328
467981
357685
463803
104548
211998
625947
607997
874591
877599
406754
220426
996385
896800
663362
676556
495236
435837
451262
166109
602800
192096
157861
705963
718113
619936
477983
836414
554463
916488
959645
893458
415078
11228
785599
544968
76266
229819
968739
127650
441916
441113
440034
361643
336631
982238
831827
840957
602000
357755
745761
393344
470027
566171
942246
146378
934796
6003
592942
140396
384150
471342
606788
499237
246656
849522
301873
685765
636472
628392
617779
662739
223272
865688
902305
486036
240611
831657
503376
6309
776911
612994
369057
940636
434722
284032
86477
306652
176686
846333
788698
847531
317409
304725
63303
471646
987609
341999
581727
587112
351664
342603
295723
190659
628808
816285
826677
818188
137898
759328
385054
546134
432309
723587
107377
677151
837888
158407
931607
608
367267
400603
776867
930135
257328
18378
45991
776106
464095
825442
863955
855040
310016
46956
762653
989229
903260
326107
383266
442433
916846
544163
537332
326431
225047
686455
26375
580372
663719
809620
365796
948129
530347
719169
608948
382167
443000
85051
422655
530336
645659
48931
267218
436339
69434
379519
548179
114069
972802
44369
105968
250434
373025
680383
247598
619655
397131
214419
142070
78552
751546
474994
960681
321532
157018
955547
191296
698314
466954
621452
654034
389751
999886
319891
921644
929916
494052
577713
68309
896017
618942
99433
69900
925268
396079
459795
254405
50874
634354
75184
320953
683467
499884
208756
357576
284871
67587
444008
895209
611558
900639
190473
538115
758409
58513
814698
97684
611998
601707
777970
289847
122665
605256
285156
935246
443487
826822
940250
628289
758085
729453
527619
738646
480744
992300
286457
886650
750391
993735
160476
975839
169135
114276
512339
470201
686203
168412
536256
204881
910628
874394
996126
517872
1304
410835
460395
64955
664326
693186
553185
131213
317228
235871
330561
809779
763044
452790
201243
185320
721153
145579
64582
656954
542570
988151
159965
85279
599553
738384
154154
87507
660004
41777
273091
493127
251646
5531
643091
965264
202773
246623
588393
766416
239131
60207
190126
977126
240235
525711
990933
410237
277165
504104
531249
177749
408630
130549
875260
243844
835715
612462
456402
451211
21040
134305
458194
667439
162303
851862
128518
792995
601508
340043
977614
939018
457669
855364
640500
691472
161849
144091
783399
382656
557773
272870
190699
441377
536928
445725
88832
635711
899822
534284
510054
1297
205024
870841
65138
356646
314602
300533
639082
177370
872918
748596
310829
849107
562247
356155
963646
828444
601585
743205
388964
43673
531989
615900
471868
131469
134848
940098
798162
567612
634998
553629
942710
38543
309837
19413
652646
668567
979171
909191
404786
695122
335432
999861
853198
437295
156700
544372
796485
434324
51376
163558
506259
381469
745656
682073
582785
386131
47327
229562
174615
72922
609139
382362
73691
946389
121348
958325
225407
419443
846304
968696
205748
63074
296996
914610
250220
516957
325169
756502
168035
25676
513180
387146
764891
302362
752079
403548
714246
572051
17395
920197
167666
411070
930079
928960
229355
650046
568113
678341
88483
648127
186509
375287
160297
851143
210692
115410
525978
982092
370909
125020
588233
302808
955323
237140
706290
168785
823040
79125
534206
807112
224991
254936
387755
912390
296952
422669
847678
925075
578408
451190
34517
248955
591828
104817
67916
774812
540286
871319
556619
856389
545382
635754
858049
943273
679148
407380
304406
914612
640270
431943
590640
18383
284447
573459
885489
413122
60329
599434
678649
822654
714579
568860
799291
103158
648039
189716
882760
586212
546261
865889
738911
921256
779750
707131
526072
375871
473881
138331
583589
658134
927291
193912
471137
379071
239948
57650
804339
834736
603651
439033
100350
886205
533134
474240
991622
723618
14737
588534
905473
133245
321883
604378
136215
406818
138460
99047
248732
656331
304924
973404
945745
990611
244026
813482
407513
626141
234894
881975
523634
193538
590788
664808
295639
370071
952045
188083
991290
91844
180525
841295
124499
800988
194703
622660
955438
717151
269583
355040
359541
890148
838639
629155
973400
665390
842062
102292
127195
635789
27053
551925
336435
858394
274240
705898
885906
752807
227161
969609
950439
559132
78565
179263
512304
192959
921804
842461
397621
801630
110548
977501
118658
107415
185790
729335
815092
465479
197265
766589
237559
323274
722281
587607
311859
774920
76692
383207
526340
524892
416349
46008
777580
954713
718350
336687
133953
830751
381773
294726
15892
101108
608180
208280
200650
49125
749483
33981
403553
997842
759909
423504
120674
375219
229589
342264
589413
893102
911484
155783
702278
611763
13436
755753
884434
671925
552634
703993
195276
550197
491206
546176
405939
494248
281236
905955
543693
26070
542024
832990
438848
961648
214237
964225
591848
926139
820011
374331
887440
161626
104256
797740
675860
690247
314784
925230
862281
294704
449481
94485
734263
309243
117511
63606
418372
295354
142879
120095
202820
727895
535780
538999
206279
613935
481761
294837
344196
609851
900293
389054
2271
801856
293983
868672
832993
697351
370859
638459
51013
628132
421410
616860
596327
593966
785946
18634
835094
528920
440211
501856
76150
704754
842089
515144
334769
847635
98611
575792
176128
225934
36535
183573
535310
17680
156925
953297
595253
342699
386754
583607
53923
182824
140095
863096
23148
523339
763312
447431
6484
85575
266775
190192
501162
12355
296081
89364
364087
392190
613650
391086
382349
355785
600454
88496
3817
325536
208644
248589
759267
765022
921826
163500
891653
682172
755050
734259
595114
981504
307500
406970
493463
700859
714174
996333
736383
173302
581104
523010
734431
204668
272471
90656
354922
874301
833693
797466
443112
823614
986179
692724
195806
71866
1833
509739
703556
131246
316968
825556
674208
647789
98740
670989
603879
689196
697720
792797
536766
874998
167287
638397
840717
313628
29580
606230
131569
906275
958635
16761
270439
700244
742171
608554
19944
866298
777533
544959
992059
890709
610530
905779
995795
443085
910746
949595
948058
684985
96526
778235
630997
10190
499743
399290
906081
978380
536504
916390
319415
148660
458634
533749
246020
510844
551503
130553
967669
98892
884968
539710
542626
593978
799855
835810
962597
234953
276555
59558
424194
659312
143033
975811
171741
465501
753019
313172
311855
485296
690583
114310
836239
918261
182283
28305
943672
491764
739896
289798
381252
189638
362099
200626
988400
722407
472902
233383
865873
30172
722151
746121
26233
771697
196364
663568
602098
978623
789657
273098
343823
795900
878154
351530
880796
848524
827877
449854
583185
256705
184716
640754
46999
406448
856425
225720
598073
147076
189869
46703
361253
862639
348596
697533
502749
355881
611594
36145
435713
664596
736396
774950
876023
148083
130117
913317
974018
11177
743676
829015
938130
524259
404476
928203
36609
804966
551218
690671
223490
181905
802983
35730
647387
114201
16735
323896
958997
551748
757257
825943
325013
459494
814763
448039
241308
879992
917546
83976
241371
219415
208107
22610
548050
3399
550744
227624
526319
977133
438350
452079
26199
911476
473406
61053
988149
932465
338816
869162
345907
390974
256085
426845
627433
148077
232271
526398
260435
856957
26303
469308
116173
408032
644487
504238
551434
397466
299511
664187
679334
993403
697663
937792
920183
783874
635625
712413
413106
897734
350097
602851
345709
78332
612978
777779
925807
815027
205573
227443
67230
167153
932146
535759
672256
137871
147692
534014
207249
478993
498860
625956
714478
381868
322873
80362
314530
471348
143548
524015
103999
443651
316756
969179
713244
661727
890190
813102
992513
91666
326071
518529
703069
763217
866914
6947
344139
828602
204229
368648
260220
951958
743292
590629
74802
710750
898578
977488
629186
358158
843517
632765
446761
759480
940151
507564
754469
417819
433498
221617
834152
676379
222873
608446
533045
227072
766456
531655
730941
857218
366504
943262
958489
299028
683953
205018
259425
233174
735694
632182
441662
208128
200104
135047
151215
875695
883506
650259
610289
3011
540194
211527
45983
197381
116921
808261
294328
144854
533049
116533
994696
295922
215745
413008
565859
420977
194271
572933
235033
741838
34046
408043
806351
263930
660089
346172
979844
890267
692876
983653
19543
811768
176911
762208
306157
52608
798195
385208
699005
464214
576532
153712
104040
610
344046
984211
430135
311743
461099
700052
303110
189727
963704
668468
358567
178203
405900
902469
50872
914618
502381
601625
864570
982565
115000
305876
333139
841208
152494
618506
528848
659150
188486
381552
290368
818670
48382
595676
450927
524603
849010
37392
987999
377663
496561
710612
99497
70466
760800
334637
867181
231012
968678
366700
629561
697451
265358
465605
240059
42252
28473
306959
791881
505433
869910
120065
798078
140110
495937
635775
438656
902640
815763
278950
97327
540307
56893
950190
642149
470348
994307
392072
631990
51904
491695
646554
634431
843733
613550
449226
437515
768542
223430
565580
60303
119532
765112
647854
778353
483445
29366
304105
934768
633152
233055
906306
235349
872627
384731
37744
887577
459237
162500
429751
776957
484222
781398
604211
675576
255203
267094
574091
577881
210957
78163
355167
527222
544619
776959
460485
765957
818655
76058
415166
431065
125564
493691
949388
218178
514425
90546
630524
348697
748754
740227
696132
673493
936162
94137
267222
910915
487626
377958
826279
677767
866407
587714
76314
5925
525899
52168
609830
113564
531365
816037
903106
295444
719740
928527
407232
860507
974545
172948
228850
521624
399140
588958
51817
272637
943050
809684
541535
860928
748732
162506
518454
465351
80205
577498
820228
146820
119283
497217
711464
412600
344378
782376
276957
791970
864880
644103
523954
270323
494404
150025
493825
719789
903580
303776
333770
882367
24388
170240
518706
445917
801645
435405
712358
922469
41426
218563
336034
804940
836424
692227
343640
173363
307699
981540
917236
731093
664796
952409
923452
37148
710386
782250
998206
934272
114750
587486
968058
97435
748953
29828
859004
565103
510065
508750
802091
899029
452551
361595
300571
701814
495327
948442
924239
393803
220077
407504
174591
926082
236430
971364
338346
949366
272553
638582
861805
139316
85251
552618
259100
798967
836270
996155
5131
614420
876073
358494
9278
891499
736479
3631
27799
888867
519470
810927
755414
479921
539689
979047
296155
298679
845590
804143
166521
336118
514829
309735
254686
191101
115707
591125
164455
685422
590193
412887
522237
745192
186236
98064
640209
647855
712742
110965
991894
812051
991419
752781
830971
430316
862783
787684
863212
845205
937646
349836
9360
527428
537921
602684
930024
246724
59675
63311
98917
213826
670431
675535
230226
380175
267399
484038
42621
390664
898285
447503
173600
99708
816523
867703
623787
776537
240531
642598
381661
85962
593959
235017
359075
500950
328537
539419
316190
483389
663657
669191
571061
267680
914440
815358
572808
588135
415858
561922
681106
769358
548947
25209
706856
35001
503391
915606
485731
189568
184795
542681
273932
897488
950429
845210
949881
380526
880713
592604
720069
359323
495888
728254
178979
196964
431746
836410
656509
653842
131407
809683
662570
40723
447334
698357
713434
830784
458128
929036
375181
664878
771087
520115
937434
763317
206493
404166
126819
235032
136617
259653
317636
535569
402017
225514
218224
930612
320047
678935
791046
891887
227486
302413
895648
732910
531630
689798
415188
584305
897399
657250
886839
226236
950077
365166
204689
944613
179394
78158
355775
351370
335260
782150
323392
356854
987871
448623
227908
47970
495680
360345
983040
281984
102041
746901
812824
19919
724078
337871
695804
736269
558845
892488
886706
241210
381025
800773
498431
256945
86603
486430
363305
46700
290843
896922
895615
64891
787319
49485
871473
800053
394869
678176
715876
402572
84229
630603
141998
217650
666751
594979
449872
650432
45154
13614
829973
229127
318848
66508
499939
588066
755606
967500
493933
946940
204563
448957
653520
438472
668454
267913
302849
646656
774417
759696
751630
134079
282486
971309
236047
307900
648178
701972
694016
431780
779353
604186
302634
961013
463499
420416
325836
843957
100576
144360
837061
542807
98342
174638
104510
937987
904290
537693
525085
708033
624795
99466
855664
328721
682132
666753
266462
908166
316406
87972
517421
450876
127016
608785
170279
102405
951190
42415
725562
310691
116689
399907
283433
38931
101138
321868
967256
774622
884593
415011
799277
447765
789918
965932
614997
686182
915333
756786
454618
854885
152156
696908
982900
294550
736062
822155
179921
429841
785550
45039
810710
650995
397496
817741
551257
851694
942580
560630
97474
797712
276043
964990
54223
756565
918025
861212
342676
310819
795708
904540
35070
763320
904478
129819
800446
991034
944943
223500
646853
926142
774865
129363
171091
260413
11746
942621
110649
542675
774042
642515
857671
404152
550395
667842
375778
225717
747217
999121
182648
359102
364965
544046
989129
204085
240457
874662
826445
78661
687498
631995
584875
101991
388503
23232
472141
267325
890724
914706
603957
935049
177990
13397
402022
308370
123060
959026
687578
701603
379438
880019
119441
617544
535083
21818
758137
114897
694271
323943
157282
55970
606775
653237
273284
639244
763195
916746
199649
398591
757331
197144
487690
583076
937259
975355
619075
866464
900023
32996
923133
988120
409492
85975
461240
672442
247608
166290
677655
846072
725870
10632
882016
175477
525438
947609
445283
515478
758251
10143
494017
139232
819373
445226
536046
919862
469070
438035
340779
280782
779012
938663
429197
976298
403265
492330
374560
810206
662804
719286
625844
318808
200914
758188
800170
814251
842516
637476
835119
736591
59692
990693
525506
436381
148514
972256
325879
259814
331853
936962
579518
440343
326665
766428
629684
701156
84043
517805
443518
29672
73676
562566
73980
147145
655696
59602
693024
210914
371595
992677
839213
567424
320796
859812
573529
414771
583387
168446
588933
352296
949971
646264
27140
282933
698415
450342
810990
642490
379554
199111
738302
505212
94495
362413
329374
894101
125919
295574
898731
404946
36781
630247
431880
701710
227238
413126
535896
881934
893064
300931
295156
791484
556761
680006
57425
829523
503008
790255
660264
355642
909961
79642
69310
35099
725839
481950
110197
30070
167475
873248
202658
449216
689005
736933
148629
175564
259183
886159
924404
579624
428405
886194
15519
774299
874060
111915
334936
935497
363926
762592
810946
48406
685425
793640
14771
743478
860403
914226
494291
558824
884746
839768
445674
303156
201278
176561
901615
701242
421303
943211
363894
823743
654818
709471
113362
643838
409673
511005
63306
407704
650509
513963
222425
730841
231380
730444
126893
107982
159569
618880
520917
184030
258682
907309
273538
647462
188588
636429
674784
287084
279727
554155
164942
919272
875923
81976
940558
907323
25006
929805
201747
606035
442071
206946
929676
333514
861042
468938
597473
241525
744097
565572
789920
386218
679363
532241
913334
301115
251437
59390
146553
995021
926477
497889
852167
410080
222030
205545
777270
785568
753830
739264
412348
336712
762825
798774
357250
200183
35514
680370
379123
412117
574833
397997
145787
993416
441301
745561
920153
62548
797860
999655
11876
776190
699414
637712
726907
332024
624206
337342
545506
71806
463656
546895
545181
133863
232341
200130
969248
488577
160014
122057
902863
845420
100316
803779
879384
752107
161606
861191
797314
543725
313687
294973
663403
451640
85128
163484
765685
415002
949908
28918
407914
700821
644167
523185
835243
342240
791941
618709
904562
227243
356210
402700
418965
383020
571913
674147
691194
793485
645605
560644
270334
874558
101702
513973
448099
900151
626331
748099
473723
178193
312749
738528
896939
119937
338883
707684
852550
850795
795479
425924
193489
868393
354651
856211
828779
774539
182360
662286
67345
699528
923992
15627
728960
881287
750679
406642
570418
248248
675011
981786
710427
39570
624106
423955
705513
487540
997051
867376
644211
696494
728723
7576
710829
262246
28600
19781
591208
842576
597997
254566
221131
387463
174894
61163
744499
327759
564132
421565
591304
53907
333306
792951
52152
735151
247957
297614
137331
745541
86567
479731
371565
565740
81095
262221
510285
961815
615032
62977
918684
156706
917733
224366
637063
77406
699746
796760
504374
149163
25774
648885
549726
995651
553751
870969
453253
866007
891482
100397
258965
284746
770539
644081
899860
840214
522123
696510
35902
400742
888172
860747
827489
37595
957155
490051
340625
502118
651186
70733
81875
738165
155423
196327
340793
270081
85682
62608
183166
864090
683835
48176
859312
494181
206301
968622
57236
830229
635369
344386
201962
176812
461702
774321
740822
643233
680495
688079
816510
371467
894254
430049
164067
955358
509683
27180
519229
266479
913481
422749
396400
293762
985333
828223
711645
382869
300227
727203
228293
246237
580665
856385
773685
268979
589431
48335
185724
617356
103352
863499
560460
790303
424521
266292
948386
719456
565417
521241
934172
691901
698073
605553
645798
691549
58437
981118
646627
915959
557074
229485
809848
434263
301100
486031
57741
56148
943549
218755
541866
524896
271415
216028
154421
642562
601643
575229
17316
295761
360843
382946
358863
360004
247954
136956
981340
918842
431801
930470
957165
19739
687637
938499
346261
584536
360389
713426
670251
160184
529109
928430
937256
840074
680246
938488
404200
129323
638904
954374
146872
594313
153871
890652
899370
532125
253214
213532
751814
630024
842247
553664
712824
561512
813300
752100
437058
770995
963459
757212
124244
164966
434213
814322
810045
409088
838701
415422
956268
995630
736407
427566
335701
155777
403871
653683
924005
27861
749309
968490
604807
805413
970903
295367
236179
752042
319207
734799
325929
618027
238023
364395
794879
217970
672939
283023
739797
691808
13085
92431
251741
119918
942759
167850
755620
637163
926240
932878
800513
650507
570620
73068
41922
362803
198103
946521
105720
787283
496103
802284
830949
309133
52731
552864
855636
413009
866138
946791
519372
652175
123504
400140
2699
555248
731323
816186
681459
143722
553937
711143
537249
156859
170140
54481
440651
848354
714163
169805
888549
405388
3352
549536
238659
178608
558479
792564
608699
466311
216150
285869
831843
54600
894637
90688
74053
768089
44141
848513
320662
268666
72612
362485
990705
360138
927731
270731
240430
488095
526744
625242
820660
301230
698544
357509
38778
541299
688024
514632
628106
449809
805447
117002
516421
414076
187963
660866
37902
494977
996950
102548
334741
185503
290014
265488
496652
686136
471319
225663
646438
209897
576217
23546
381403
116602
910587
112534
260366
820022
953934
641997
879861
188411
92417
545443
598530
167330
656592
333499
154636
516117
697768
601276
809875
386996
201756
900277
464960
387650
164066
127557
102481
962898
380543
786635
337410
913194
788840
704954
16516
534981
393907
493909
914374
924405
131072
600800
99437
844674
627346
731211
745426
314470
65810
424847
648983
644482
400430
862640
836171
439558
54983
908375
875680
727489
484197
90886
271123
999781
307908
379873
842072
792457
216657
973655
923440
173035
770587
266945
497010
585563
753555
831549
320551
139196
313502
901753
460077
277349
427467
807545
835835
575254
65159
898438
459128
317457
95082
106798
788773
943587
682789
822996
196255
91069
932833
586393
836543
723715
178040
764317
570534
301399
153827
65399
305433
490155
38172
29584
762606
407920
30088
116588
348505
12416
347454
893197
722736
187579
651618
921573
805363
255136
785053
95571
341801
752147
470969
454014
980557
363213
557856
491482
363524
589726
202967
353800
687000
961210
554996
764846
9818
865957
465095
535860
797447
557172
547734
811270
305106
853857
288383
669048
44454
409570
474576
759576
363080
940386
441477
435610
811001
217869
523017
610401
330251
644797
587960
539032
329739
154105
605606
906681
272638
302249
839156
107180
19892
958337
152428
930382
229073
109697
4469
672044
512926
12164
430878
242347
914811
862134
275634
219351
93515
489692
437584
890357
849640
585911
555763
411171
794828
985229
234496
82345
109949
84172
21198
318128
250373
289923
367992
660843
643304
700839
374858
697509
801709
57129
991877
887139
954451
865959
474906
249796
737710
477954
416103
749021
808267
854104
170434
36799
454315
862940
386217
157058
974685
570887
706126
324496
485278
513365
688419
617516
368194
790291
428290
397117
566158
854300
602357
928034
910100
640543
358178
672848
343621
880690
10198
146710
107382
858729
326270
853188
427708
183927
973303
356524
129486
271125
337763
93746
513914
801218
557315
370378
383525
520054
987093
97125
607937
371079
783989
727826
775215
311585
988565
899517
691860
482117
138567
367212
728626
803847
36774
122547
806751
181060
819015
64463
834580
895827
999860
321050
40037
610845
552653
309779
582986
187118
530528
665860
880278
631631
535143
85286
235657
261487
203301
317304
489683
824396
149445
911085
61044
537474
84554
244639
689244
314184
567354
646216
382233
16297
758481
713145
533792
338530
14131
730892
345647
683115
739600
700515
886440
221434
651840
693976
372099
931705
809657
345133
278995
52505
929423
791637
520125
414364
269496
662002
656281
604875
655293
978867
314985
512983
740095
367610
542236
971639
452945
468341
202712
947212
741048
416230
576954
628596
662389
524582
993299
649599
254478
303554
9514
58523
123173
922382
553418
546165
462373
554329
507133
332843
650642
391590
1654
485498
62387
974276
244793
209119
456155
197993
193958
500757
422304
151756
590356
503123
110579
658253
305395
303319
898033
788721
966417
712448
925428
581096
858832
866265
580215
684336
98088
957703
606856
381368
705816
95198
559764
983886
476173
146811
521493
142258
415116
410674
338
792950
567988
385074
653753
751505
280726
898743
115473
141443
738322
835547
703028
726923
808435
211937
148716
235250
236716
489418
707811
386533
112914
247220
161702
231313
313341
737893
994835
488216
982113
217044
55239
70279
880702
497623
632394
252817
282563
934338
2286
52410
110492
506309
220255
459662
654507
986390
769680
657334
395059
979474
201051
147948
894727
235758
514917
94318
164699
725222
847354
43014
919011
370952
458489
708332
56502
708939
236101
683139
793531
788645
591398
629746
51331
180199
521706
337026
335239
790099
437235
205216
87681
663917
278921
853884
144682
66982
506360
788213
789987
986026
335931
82207
313091
494514
198841
679478
51127
773696
193658
853565
493092
304623
692549
451449
14425
815784
935862
703084
489570
77805
87632
729152
803805
671074
885608
764199
918445
346345
954187
15238
175095
739852
664359
663548
534540
104818
741229
602187
572317
636834
559731
192945
155496
965
221712
894577
132346
870451
667078
426094
412750
231693
878959
636289
352418
687497
110286
308303
460228
968019
883915
475505
967389
141655
690639
594507
556263
890322
730093
762022
278382
254377
127232
847401
860919
643092
112035
852723
991669
710489
508760
902445
740410
84220
133557
587867
151022
878076
472234
181856
111485
279487
151
273162
696280
666142
115528
921242
655392
791665
801755
940505
722724
119578
46757
595928
899437
23641
4830
655053
448844
215650
150537
500967
719509
103476
685760
997612
2943
275818
136554
685214
436795
728962
818605
45278
660440
795791
825957
417174
478591
157975
829674
445384
735791
912034
900366
203865
175649
715640
976732
870252
887094
62366
155419
800264
767121
354441
609774
542148
343405
395208
966779
454769
685065
486762
527386
737336
411853
823008
481798
983176
125459
819249
692486
593874
178356
505315
386944
286660
759015
230044
251018
463697
254453
246600
735828
899929
408005
116816
739938
611169
146391
115601
936570
881563
136583
764890
397056
811055
437211
55446
358038
952851
825230
421989
758382
665832
80608
260452
983542
223101
573769
707423
913747
524461
251216
869862
937332
598880
734519
572546
9183
199804
179531
727973
921577
652621
604838
956899
359620
836756
659892
895446
203103
383873
772347
672814
194472
335504
281577
258567
530344
767745
296880
197500
290847
123403
64092
168614
726534
999986
553300
544118
48271
816992
926882
647829
49034
520804
629098
950353
474609
763938
408548
575399
522096
958757
697305
175647
80979
622291
661691
868691
656698
985339
863710
37628
157386
482478
221257
198267
468916
805670
798267
905439
299960
558738
304541
903974
781026
521766
397445
869583
113775
527488
329165
608408
333663
950889
888806
732683
364860
435954
508313
664284
115247
18689
733146
843684
396422
788580
282829
376060
775172
669744
142710
998447
19087
896628
135762
886344
53685
947399
150294
37366
736729
998175
254058
234827
780344
609397
580254
702078
644156
835379
548792
555626
476078
666200
633268
513772
765884
32319
331278
556149
103749
622532
516823
810125
289167
584147
572654
700934
991422
436818
929679
46711
837848
632568
637442
963606
213760
39690
219202
588242
958911
649191
539582
411302
932073
117565
12616
728920
250324
4083
831935
892970
111088
88132
745114
369168
867662
429114
776039
280504
848455
665009
56413
91926
884379
887013
779890
869321
883591
623125
271281
35021
449158
90033
588627
804239
264961
325026
809573
656182
950944
861869
670391
3911
516984
470861
483018
524543
544563
170601
84790
858507
364025
103296
567628
176202
145496
14144
913841
1531
571851
569662
258224
341486
469515
984854
745136
701962
361683
378857
228255
894302
254059
806662
376281
381233
527331
814056
224090
25796
696867
642931
261951
669564
405349
437278
233827
620156
926462
860387
94467
12630
970373
538160
500284
805434
403166
270527
471774
697338
348203
732598
6739
71146
83729
137454
896128
808871
181420
749620
164947
965936
223729
125323
100379
480861
739338
792592
416448
758904
856609
606487
349313
101699
89305
787419
818443
563650
94262
851901
32587
462982
953723
330253
84217
334336
109595
651728
822981
55726
383948
995425
50377
688141
999688
762666
574953
750199
101351
773705
19074
233018
23114
989388
595975
974405
586269
147168
927718
417153
49936
293971
751902
855668
191979
355976
719990
340624
894649
219860
71102
525885
259068
401595
316441
633372
52786
252865
978638
930931
585762
387798
73251
72438
25171
106689
854703
519227
109486
960578
192537
846338
655504
476059
575996
802466
777158
532745
601453
108327
556973
189894
826429
345113
652946
380887
927199
880952
12130
123482
668408
484363
729601
277007
873457
743876
315009
381477
393912
154370
708796
182603
958571
236283
669064
535025
536076
649567
979710
640078
197407
39164
442301
557298
953189
726447
351008
451247
797246
904656
466590
970718
248726
413645
781726
90080
186988
556047
788780
146887
678692
471161
914621
517698
139078
974523
582675
843843
327101
828984
750713
679660
110047
525763
466280
801909
584788
339402
721715
729613
202219
146898
669832
405198
877687
482071
447743
892434
415817
524620
96489
690382
794635
589949
453946
501503
819924
2257
612347
786639
923231
721108
525637
448754
223553
969940
630491
328258
313282
192496
636718
849378
349966
405285
251414
348405
862969
280518
488703
351956
441358
558373
993329
310681
287493
171371
600474
531448
415267
572697
865838
309282
561287
865921
434211
149901
366228
191325
656409
203533
94247
498385
138186
417425
446511
540807
869322
963818
645969
205441
921861
792749
44155
414663
118053
356094
448292
441814
234361
636421
526182
968451
286224
879402
773666
576448
794997
30499
620951
701585
115829
111089
770144
838898
282854
342849
119575
306059
567630
475132
681227
584070
874043
261342
801252
845624
210413
224337
221059
282425
754678
779284
605297
795910
475909
276980
312714
229904
64266
466418
620224
482486
816215
318498
97555
584783
572600
730728
139136
774885
279681
132456
775387
368340
419461
961560
802297
517687
282967
276153
666363
585377
156992
660335
283217
249902
267729
302073
28663
193806
324411
822387
978738
107223
873775
932738
394297
114666
545247
956445
881164
142607
630037
268981
107723
843902
863150
259663
794428
377790
555545
955819
20408
891949
350987
29725
660337
64713
272883
171167
923815
736300
707
242946
617489
97761
789192
484921
626487
967637
32940
392560
455189
860910
952759
573986
745428
302902
226228
698946
397926
134143
413716
873084
954041
66910
717816
923602
514179
673856
96617
449073
243590
785556
615317
615519
750716
639498
943431
779497
712251
656741
759442
728054
838694
377206
122536
857038
942076
460985
281899
535566
671141
615930
137269
473777
942422
216191
918060
327444
253335
4482
757231
192369
854856
107846
385947
339698
122423
864951
151939
345496
682526
542128
348195
337212
527414
651017
70954
120444
134716
807970
192732
432550
981319
835552
282742
561558
148668
434376
642978
83659
965760
634636
220880
138789
24866
435752
501735
93571
49630
623492
123790
215535
466263
936828
43977
698385
833613
368485
209049
426786
46003
636929
475872
15885
971165
221828
677819
3766
772561
103587
60714
674962
297237
731672
538355
504537
844090
837608
895712
924358
638038
780770
836338
853527
916193
332597
141239
364798
492434
804694
848798
400132
476598
822418
638531
603681
83644
809617
425936
197789
398500
775990
95595
284206
498844
572197
667342
46053
325761
600789
242162
613097
286447
515641
724343
848711
141208
101923
579788
23023
616378
541806
68471
562727
867643
508650
759893
710600
638753
416276
226774
442619
609427
769319
605263
249356
826360
831569
251602
145917
514301
573686
715009
929591
525746
921432
11946
701461
608864
605526
216869
108230
72972
470332
641319
305377
486713
70384
983135
162550
674154
534253
837130
917513
2302
953036
187066
40122
991459
80103
596216
571972
176441
358938
948887
842277
240370
437529
946316
270525
837605
384605
75977
593052
894065
626369
499274
520780
442106
547512
861748
84550
759833
833503
779747
88789
121535
632257
465524
112287
705921
387221
559631
28935
415258
981359
987682
644384
621207
187346
175507
516011
377637
242430
780978
747106
873163
782855
867870
468331
30118
532371
621729
957261
689513
900288
645787
281270
939401
340273
291169
218397
813397
665356
776059
405060
204424
522596
851975
212321
276859
875329
891358
228484
407193
283943
853518
836095
604517
464401
840804
368723
771674
173616
54284
79337
560300
646518
949281
986547
316954
751806
136386
518337
970358
425798
405744
917194
55903
268922
727379
678767
530876
678286
985341
336806
949781
738518
930480
700252
697467
387422
413663
527320
535823
811960
655916
604847
127273
912045
244296
192933
582143
316306
816668
647569
195359
566437
442680
247880
901690
645431
12088
503694
314197
26664
851823
296914
433094
975799
842511
709807
140457
632949
983531
617931
795576
318265
526088
928314
438082
51626
821217
753323
57934
20716
920501
106017
189179
698722
540062
805982
735794
986153
53285
61023
806325
321246
370796
817027
580259
98742
357041
256649
538846
214365
402849
662107
819675
97979
120843
468878
562883
872552
313739
69150
956793
272534
943372
341357
683842
81533
502146
658241
939030
715832
376206
466490
267385
428058
907219
535893
773366
821692
894764
360851
499151
42379
395649
840401
437990
455600
152942
691788
487052
41507
653232
313306
148053
942125
182192
530040
88706
519972
610613
198462
412387
403128
767514
434136
375355
908555
657910
954882
366288
33748
331077
550342
84183
972748
184168
401337
586257
975553
334294
691558
712036
512481
295737
653703
358333
79891
559036
892457
260673
906354
655495
677005
51397
722519
754526
950224
93028
289455
852859
900707
688839
261183
565496
152143
840904
905305
661143
817308
341459
229171
98827
575984
527810
788077
887598
523905
212360
230895
961223
61936
468253
268624
865768
994684
287019
689464
549937
625288
794019
391084
785188
130489
636247
102184
740816
455493
563408
422212
885922
796492
268943
452996
954114
18028
379304
912224
858192
643691
85723
490808
256888
112171
602790
579658
913057
760185
337213
773837
931341
225028
873121
918404
965767
371735
20130
996534
256366
491956
135026
601235
361735
488637
220990
614690
450410
920286
229016
695456
787041
938869
291992
676048
644343
511341
644700
944682
750774
747009
145872
885492
162797
8843
29558
995183
599335
456051
824179
452017
813854
164735
906372
445245
747052
343042
882533
436164
80389
598030
34113
832752
207094
889056
537655
63811
438270
552598
69250
523372
122607
963493
719564
91166
150367
579958
744807
136357
698611
106908
716647
737903
741946
723588
318529
904442
379441
409053
65746
550974
379550
506104
292019
5580
626867
883033
357764
675267
136588
229164
804003
945926
126043
109918
379759
380474
271430
614204
676520
362799
14392
775779
10385
619459
367559
355455
832157
325619
484275
526038
607821
624485
562916
121842
79006
640705
141603
938662
130242
769795
364597
353456
35505
15188
810823
632664
438214
939946
829002
420747
468089
615209
475253
739811
468118
902968
495284
242896
607498
860826
403939
1083
672785
646653
508800
432524
976730
603170
96611
690509
809027
120925
192121
146933
356438
788465
104717
478090
292623
830432
995391
195847
267581
639769
71163
98217
632907
269630
844478
347206
657097
968
65587
178903
140445
974107
667844
708746
92302
110146
874566
733965
903682
436705
573496
761848
22392
963553
68203
41567
444732
732480
550143
23806
122345
336264
349154
165776
613278
490691
694014
851141
551020
828087
273369
179762
884369
311970
256296
562894
355696
831973
312646
551641
411320
972046
836141
944736
643249
920787
433405
200712
425099
953930
648876
476215
265439
625536
409285
987324
168825
902084
391314
686889
114544
263947
364556
530404
599076
755654
550802
354996
365696
772687
355975
998850
48241
527235
951721
504241
845667
915977
206417
538400
565840
916905
631017
876296
259899
508123
761937
422527
150455
599069
46217
247843
21085
89543
943792
95987
516152
298006
200866
701985
138471
780693
767181
425065
748978
275943
616081
88259
688531
716706
135909
187099
487194
470228
555594
768356
717525
813264
351515
378354
420261
911255
811511
754099
551207
917149
457443
977930
986624
295054
69648
307123
44493
675997
943223
964387
996960
568826
908837
337031
124852
856159
972257
604172
232250
723373
292952
261822
398471
318582
302023
447681
880742
2786
46529
764706
569735
783238
265837
728188
902001
685984
879555
772265
325765
878985
913163
258595
613515
634191
644699
789380
582931
838424
383366
73097
864770
564124
227642
734229
665908
82698
294821
687960
630466
445616
845322
557686
640165
754364
57318
513841
775173
591281
565000
481711
944901
858503
435265
58325
128248
94734
497305
13543
427035
949830
449518
460172
506872
999947
984301
495910
683499
291871
32007
928166
842920
266904
711887
685801
193616
878670
62787
939180
257148
182911
81941
564420
166999
741704
626355
154587
677687
559656
81604
710685
356751
85537
401320
680994
684596
293440
180379
368530
776877
583093
276768
193568
751592
345793
262538
568401
203722
491044
802915
76327
967661
785498
904485
829041
120939
341239
576630
524791
299245
847333
374623
526067
87398
451731
324168
71388
229876
74921
454979
594145
990379
924329
345919
882786
479020
792699
76306
169434
795795
483054
187313
479034
344831
187562
235521
64212
368554
122154
965127
337426
705337
144430
13438
654121
124599
936172
844275
332340
76418
238212
259318
810099
333696
14631
383400
344622
296327
505282
563896
114569
320638
953512
258582
187060
352760
91708
482210
159420
322826
910714
605356
89349
489482
264679
251450
875614
706952
447793
895670
465293
514668
572182
612966
226513
51533
727554
202134
765783
480435
211236
988850
231241
494081
973777
260780
806995
666224
770287
212337
140646
170569
726130
152032
607022
640752
872404
577811
185119
132778
29634
145256
805507
285741
481416
315378
906944
960325
652973
817020
479690
514750
641304
868592
793872
91568
630169
960575
567010
763054
857398
673608
475072
218023
566790
746172
616554
302510
371
322035
431270
236636
439061
948213
418949
289197
193038
519124
607895
313390
461387
13825
39944
862804
229533
863714
696412
867447
995421
637931
182074
816133
767183
845366
662167
617057
71280
18609
339946
358875
737363
896620
187146
959729
209846
200556
878463
263163
837523
808775
124480
41619
69289
835269
95078
471566
748363
916605
357647
52072
25408
548448
879309
308897
911482
452475
143640
890590
87308
778854
110840
287952
490240
501902
919311
659742
556467
154063
988608
380456
106626
250350
856046
840548
989663
236081
922332
668966
520427
765149
139910
868557
350488
561482
535291
476738
157641
495916
499540
655295
548085
500235
142969
810156
829342
238418
303129
962186
980666
904860
859448
687736
680249
848114
951712
143282
648719
646989
38961
770397
585845
189063
899049
919605
968091
877031
845541
34639
540124
326500
685255
560849
880794
284997
224682
338159
945788
10650
610382
645215
970033
470012
14192
754536
358398
528557
639879
734035
279977
150403
162065
897533
162457
658334
447270
921210
128307
366593
367383
538713
228813
461107
493315
152313
141452
509560
178970
171699
719923
834715
158051
310988
782120
352144
814123
634990
465910
248629
153318
568640
416189
237402
551147
383976
301369
694169
142354
71793
926958
724199
962748
817864
857763
534756
79445
654353
572021
66361
516679
927529
918014
22021
322037
490390
681763
674741
122499
535994
737750
39213
230292
244700
765327
738147
17388
904381
908894
58203
134286
228804
909160
215928
446577
814892
796619
924047
188114
664959
614038
199011
356028
17620
609041
209608
576917
587210
856888
409561
651282
48301
826209
835954
253501
324196