26034
19650
72067
75633
81269
52851
82519
63176
92286
70805
386
90500
57440
39782
18318
10320
98418
75096
32770
32130
57648
50770
48184
63581
35507
42447
9714
31257
66830
33209
97016
16861
6965
39587
99847
25470
44763
57870
40338
9494
52211
57260
95531
89863
45854
72654
60272
991
69355
3398
5210
65640
54670
8691
73161
43645
64466
99327
92691
1308
61552
8246
11331
48015
62467
49250
36706
44988
99106
92172
10963
61876
84900
31956
87240
69203
50198
61429
59744
70013
64085
72670
19202
79293
97426
83411
60472
55039
94914
77289
42427
3562
10777
26147
633
76157
40074
97126
8609
30958
78459
64660
35279
50538
99574
97778
87732
65154
1996
35764
37854
45899
74531
25205
23533
34227
85584
26109
16371
74521
63147
52423
75820
337
84647
71824
64125
32279
73235
34904
31447
24190
65132
72629
94974
90107
51413
1431
65817
88591
40237
247
26578
93047
71210
50200
5070
89032
30032
2943
3521
65450
11870
57835
7002
27870
34406
70296
65298
99227
55506
26541
53383
95111
26420
83993
96989
14664
69270
76242
95583
14117
17344
41774
23770
6930
42746
44446
67494
64885
63319
6752
8336
66867
15112
84053
94032
28859
78623
13242
42124
85030
56676
34619
10669
50939
13874
39712
42672
36161
50188
99004
32233
37871
48253
34300
15811
95786
17863
28017
29725
5511
68577
24790
35470
86581
49228
63292
69889
42571
60722
63205
54428
83575
62868
75142
49978
22548
60371
96150
30198
60147
85125
39566
98964
96628
75366
69907
58439
55187
3783
4410
61373
20588
52257
95355
51672
92860
73157
82971
18765
18049
97679
67817
19644
11308
98319
19163
10004
71354
34039
17530
19124
61551
40429
87909
35118
6200
68892
14573
8879
62471
51560
903
88004
25949
13341
15610
27636
97662
34244
99552
38366
86048
784
87379
45030
3166
37245
81272
15789
27042
31781
80954
79748
8056
56135
88548
2614
16441
57051
6323
46609
24156
60759
49535
73727
81353
83902
11326
61155
65857
75232
49907
17882
26733
18861
43791
56163
88324
44862
20484
37766
46071
59651
22744
51182
4951
28335
27341
91589
4978
98611
60415
72843
47565
25693
26483
3086
66410
89331
99834
77449
23485
213
82973
68228
39496
25264
99737
55182
53766
35385
79710
44074
27571
79681
93903
21121
95105
41756
95258
72460
26897
24773
77337
28005
59041
71975
31661
3194
7093
26901
10752
84191
63433
25766
30278
40731
16252
47284
70309
42474
95287
19360
94390
16492
95925
43976
71533
48950
22562
81321
25703
80251
29867
42187
48117
38634
170
53929
25113
98410
66661
61578
67273
18904
86769
95892
80578
91853
95706
69630
50843
45452
82612
14785
32939
84440
54027
47300
63229
99378
84216
57125
12763
48365
7533
44354
85702
54849
82286
18202
36566
7115
6391
50149
36795
29183
72018
62388
67301
35090
39096
48221
14989
95652
19855
61116
57736
79598
73756
39431
92690
28559
21406
40259
26527
97893
46281
60148
79945
65230
53517
66108
32226
79984
95782
5625
86026
90924
83860
21331
28027
74024
89198
53478
59817
12329
24975
18358
55399
49859
2994
10473
32295
1797
99432
97099
50564
66409
23335
23947
53695
22897
39746
85376
85917
64103
91900
40934
93018
54848
35161
27093
35462
13736
21097
11941
8559
29314
58137
17847
25609
25933
29198
97862
44619
98643
76071
90598
97423
7892
56479
78133
73427
51341
17996
39109
35979
28041
35855
25087
57899
30512
21464
95372
54335
52916
7967
68803
52918
73848
64201
92206
86570
15010
59072
9596
58401
3994
40635
13755
51507
60542
71089
80320
86548
85176
12425
30526
3195
22032
22598
73137
41494
49202
77133
35451
83424
38091
31410
12039
48424
47287
9866
63016
91207
10914
21488
3103
51267
24924
23105
47737
51702
26704
56810
61940
12079
80902
1010
87968
8521
9663
95254
19768
63532
49909
82597
56607
53288
92012
19490
35338
84657
77562
20765
76370
7003
31767
49139
18849
21062
24389
68886
7217
8749
76781
13663
16920
99182
61147
29268
34188
1294
21526
19792
1765
81983
90
69483
1126
28025
68174
29530
22621
24050
21041
52555
82477
73175
17238
75412
80580
81862
22011
86356
63656
49219
67455
10399
34673
9550
7861
97474
80256
683
95325
48269
76513
30370
84162
52014
28035
59738
37336
1634
75513
11589
45256
57225
85015
79863
80986
54685
95022
1886
56930
34144
66749
62786
52895
56330
60766
95883
23735
7450
21480
52360
51844
22397
21799
94887
9587
9716
24645
30218
58196
24265
46476
37085
25952
71230
30026
31305
13550
1723
44320
9131
27787
34723
90269
30135
5598
93972
48481
3063
12772
60126
95138
58420
69073
59500
26356
30024
81346
43875
50081
61794
62077
46087
23090
91576
2684
44452
50719
5732
73011
28371
7206
53546
29747
20706
8723
93005
73639
95708
74038
4460
45221
63271
72545
23635
42491
90013
47315
82863
73327
59154
56394
69530
41592
63388
80311
61534
57029
78178
40218
3349
91199
45709
96348
7543
41289
23125
31286
94067
5943
96491
24865
18477
26856
96385
26108
97858
58550
94950
43659
73543
70282
89786
3277
96649
75814
53868
34207
68410
48535
36021
2009
4192
22358
78576
63454
69898
26963
9038
61768
84349
95563
48069
38191
18475
94910
89995
11339
76343
86011
67363
1629
75691
30558
25463
59770
20521
3715
31680
50532
13712
31818
91121
38542
49999
29863
35079
32655
90294
21040
94058
52228
74202
43416
95946
91868
36468
85717
4379
32550
82313
94499
50138
192
27559
83069
12692
34104
79771
22003
23084
58686
2834
45100
1164
6041
3861
84695
55342
68069
61077
83735
6074
17165
45807
75674
88236
71378
86819
80471
17024
97709
85253
24415
33816
1482
27105
98996
25267
53885
18610
66152
75719
64253
31270
208
12111
79029
44085
35172
66374
70950
95911
26573
14620
14461
89570
10271
98458
32875
47651
73801
82782
31063
88796
21426
22527
43364
26635
65562
49295
43830
22925
83863
69915
18637
11249
71296
49640
25447
89149
62172
50471
33998
39153
84413
96301
15816
23387
63415
54160
72116
2466
45700
68110
67597
67015
81887
94323
70331
84307
89491
32544
19064
34217
81574
42775
40329
14354
36347
94399
48274
62708
94017
36999
92873
25482
32569
18467
38871
22052
2185
31477
6273
82727
42708
57974
504
76734
3822
96325
91578
19271
23237
1921
83119
23918
21339
44821
92822
24291
78082
41098
18025
48502
71639
11683
71674
57662
4228
15397