90
170
192
208
213
247
337
386
504
633
683
784
903
991
1010
1126
1164
1294
1308
1431
1482
1629
1634
1723
1765
1797
1886
1921
1996
2009
2185
2466
2614
2684
2834
2943
2994
3063
3086
3103
3166
3194
3195
3277
3349
3398
3521
3562
3715
3783
3822
3861
3994
4192
4228
4379
4410
4460
4951
4978
5070
5210
5511
5598
5625
5732
5943
6041
6074
6200
6273
6323
6391
6752
6930
6965
7002
7003
7093
7115
7206
7217
7450
7533
7543
7861
7892
7967
8056
8246
8336
8521
8559
8609
8691
8723
8749
8879
9038
9131
9494
9550
9587
9596
9663
9714
9716
9866
10004
10271
10320
10399
10473
10669
10752
10777
10914
10963
11249
11308
11326
11331
11339
11589
11683
11870
11941
12039
12079
12111
12329
12425
12692
12763
12772
13242
13341
13550
13663
13712
13736
13755
13874
14117
14354
14461
14573
14620
14664
14785
14989
15010
15112
15397
15610
15789
15811
15816
16252
16371
16441
16492
16861
16920
17024
17165
17238
17344
17530
17847
17863
17882
17996
18025
18049
18202
18318
18358
18467
18475
18477
18610
18637
18765
18849
18861
18904
19064
19124
19163
19202
19271
19360
19490
19644
19650
19768
19792
19855
20484
20521
20588
20706
20765
21040
21041
21062
21097
21121
21331
21339
21406
21426
21464
21480
21488
21526
21799
22003
22011
22032
22052
22358
22397
22527
22548
22562
22598
22621
22744
22897
22925
23084
23090
23105
23125
23237
23335
23387
23485
23533
23635
23735
23770
23918
23947
24050
24156
24190
24265
24291
24389
24415
24645
24773
24790
24865
24924
24975
25087
25113
25205
25264
25267
25447
25463
25470
25482
25609
25693
25703
25766
25933
25949
25952
26034
26108
26109
26147
26356
26420
26483
26527
26541
26573
26578
26635
26704
26733
26856
26897
26901
26963
27042
27093
27105
27341
27559
27571
27636
27787
27870
28005
28017
28025
28027
28035
28041
28335
28371
28559
28859
29183
29198
29268
29314
29530
29725
29747
29863
29867
30024
30026
30032
30135
30198
30218
30278
30370
30512
30526
30558
30958
31063
31257
31270
31286
31305
31410
31447
31477
31661
31680
31767
31781
31818
31956
32130
32226
32233
32279
32295
32544
32550
32569
32655
32770
32875
32939
33209
33816
33998
34039
34104
34144
34188
34207
34217
34227
34244
34300
34406
34619
34673
34723
34904
35079
35090
35118
35161
35172
35279
35338
35385
35451
35462
35470
35507
35764
35855
35979
36021
36161
36347
36468
36566
36706
36795
36999
37085
37245
37336
37766
37854
37871
38091
38191
38366
38542
38634
38871
39096
39109
39153
39431
39496
39566
39587
39712
39746
39782
40074
40218
40237
40259
40329
40338
40429
40635
40731
40934
41098
41289
41494
41592
41756
41774
42124
42187
42427
42447
42474
42491
42571
42672
42708
42746
42775
43364
43416
43645
43659
43791
43830
43875
43976
44074
44085
44320
44354
44446
44452
44619
44763
44821
44862
44988
45030
45100
45221
45256
45452
45700
45709
45807
45854
45899
46071
46087
46281
46476
46609
47284
47287
47300
47315
47565
47651
47737
48015
48069
48117
48184
48221
48253
48269
48274
48365
48424
48481
48502
48535
48950
49139
49202
49219
49228
49250
49295
49535
49640
49859
49907
49909
49978
49999
50081
50138
50149
50188
50198
50200
50471
50532
50538
50564
50719
50770
50843
50939
51182
51267
51341
51413
51507
51560
51672
51702
51844
52014
52211
52228
52257
52360
52423
52555
52851
52895
52916
52918
53288
53383
53478
53517
53546
53695
53766
53868
53885
53929
54027
54160
54335
54428
54670
54685
54848
54849
55039
55182
55187
55342
55399
55506
56135
56163
56330
56394
56479
56607
56676
56810
56930
57029
57051
57125
57225
57260
57440
57648
57662
57736
57835
57870
57899
57974
58137
58196
58401
58420
58439
58550
58686
59041
59072
59154
59500
59651
59738
59744
59770
59817
60126
60147
60148
60272
60371
60415
60472
60542
60722
60759
60766
61077
61116
61147
61155
61373
61429
61534
61551
61552
61578
61768
61794
61876
61940
62077
62172
62388
62467
62471
62708
62786
62868
63016
63147
63176
63205
63229
63271
63292
63319
63388
63415
63433
63454
63532
63581
63656
64085
64103
64125
64201
64253
64466
64660
64885
65132
65154
65230
65298
65450
65562
65640
65817
65857
66108
66152
66374
66409
66410
66661
66749
66830
66867
67015
67273
67301
67363
67455
67494
67597
67817
68069
68110
68174
68228
68410
68577
68803
68886
68892
69073
69203
69270
69355
69483
69530
69630
69889
69898
69907
69915
70013
70282
70296
70309
70331
70805
70950
71089
71210
71230
71296
71354
71378
71533
71639
71674
71824
71975
72018
72067
72116
72460
72545
72629
72654
72670
72843
73011
73137
73157
73161
73175
73235
73327
73427
73543
73639
73727
73756
73801
73848
74024
74038
74202
74521
74531
75096
75142
75232
75366
75412
75513
75633
75674
75691
75719
75814
75820
76071
76157
76242
76343
76370
76513
76734
76781
77133
77289
77337
77449
77562
78082
78133
78178
78459
78576
78623
79029
79293
79598
79681
79710
79748
79771
79863
79945
79984
80251
80256
80311
80320
80471
80578
80580
80902
80954
80986
81269
81272
81321
81346
81353
81574
81862
81887
81983
82286
82313
82477
82519
82597
82612
82727
82782
82863
82971
82973
83069
83119
83411
83424
83575
83735
83860
83863
83902
83993
84053
84162
84191
84216
84307
84349
84413
84440
84647
84657
84695
84900
85015
85030
85125
85176
85253
85376
85584
85702
85717
85917
86011
86026
86048
86356
86548
86570
86581
86769
86819
87240
87379
87732
87909
87968
88004
88236
88324
88548
88591
88796
89032
89149
89198
89331
89491
89570
89786
89863
89995
90013
90107
90269
90294
90500
90598
90924
91121
91199
91207
91576
91578
91589
91853
91868
91900
92012
92172
92206
92286
92690
92691
92822
92860
92873
93005
93018
93047
93903
93972
94017
94032
94058
94067
94323
94390
94399
94499
94887
94910
94914
94950
94974
95022
95105
95111
95138
95254
95258
95287
95325
95355
95372
95531
95563
95583
95652
95706
95708
95782
95786
95883
95892
95911
95925
95946
96150
96301
96325
96348
96385
96491
96628
96649
96989
97016
97099
97126
97423
97426
97474
97662
97679
97709
97778
97858
97862
97893
98319
98410
98418
98458
98611
98643
98964
98996
99004
99106
99182
99227
99327
99378
99432
99552
99574
99737
99834
99847