35
133
139
146
151
338
371
459
608
610
707
754
785
965
968
970
1083
1228
1254
1297
1304
1363
1531
1654
1671
1703
1704
1797
1833
2257
2266
2271
2286
2302
2582
2646
2699
2786
2943
3011
3219
3262
3352
3356
3380
3399
3423
3447
3631
3715
3766
3817
3882
3911
4056
4083
4131
4315
4469
4482
4605
4687
4701
4830
5131
5152
5398
5531
5580
5728
5872
5899
5925
6003
6016
6106
6309
6360
6484
6714
6739
6947
7293
7440
7469
7482
7576
7664
7719
7743
7894
8003
8090
8473
8580
8584
8610
8676
8827
8843
9176
9183
9278
9360
9465
9514
9667
9818
10036
10045
10064
10143
10158
10190
10198
10302
10385
10454
10632
10650
10716
10763
10803
11074
11112
11177
11227
11228
11485
11705
11746
11876
11946
12060
12088
12130
12164
12355
12416
12538
12616
12630
12723
12755
12769
13085
13397
13413
13436
13438
13478
13543
13614
13661
13767
13825
13933
14037
14131
14144
14192
14208
14392
14399
14425
14493
14631
14737
14749
14771
15117
15146
15188
15205
15238
15433
15484
15519
15622
15627
15631
15885
15892
15922
16206
16297
16300
16516
16735
16761
16828
16834
16995
17032
17037
17281
17316
17387
17388
17395
17468
17566
17620
17680
18028
18139
18378
18383
18609
18634
18684
18689
18774
18795
18890
19074
19087
19294
19413
19522
19543
19596
19739
19781
19831
19892
19919
19944
20046
20130
20164
20408
20438
20488
20500
20585
20716
21033
21040
21085
21198
21229
21402
21494
21563
21595
21818
21865
22021
22093
22298
22392
22430
22610
23023
23114
23148
23232
23412
23463
23546
23641
23660
23806
23962
24013
24292
24388
24586
24621
24811
24866
25006
25116
25171
25209
25390
25408
25676
25774
25796
26070
26189
26199
26233
26303
26375
26664
26759
27053
27140
27180
27398
27660
27758
27799
27844
27861
28305
28464
28473
28600
28663
28733
28769
28896
28918
28935
29356
29366
29433
29558
29580
29584
29634
29672
29725
29799
29828
30070
30088
30118
30172
30418
30499
30607
31342
31356
31386
31431
31581
31823
32007
32095
32319
32451
32587
32658
32917
32940
32996
33171
33239
33374
33409
33434
33586
33748
33811
33829
33918
33981
34046
34113
34465
34517
34639
34648
34766
34814
34975
35001
35021
35070
35099
35154
35505
35514
35730
35902
35909
36145
36148
36535
36609
36737
36774
36775
36781
36799
36870
37148
37173
37366
37392
37595
37628
37654
37724
37744
37902
37941
38172
38310
38353
38386
38543
38550
38637
38778
38931
38961
39164
39213
39279
39377
39570
39673
39690
39705
39752
39944
40037
40122
40163
40542
40723
40795
40871
40965
41116
41201
41350
41426
41498
41507
41567
41580
41619
41641
41777
41922
42097
42252
42379
42415
42577
42621
42800
42916
43014
43028
43673
43977
44038
44141
44155
44369
44427
44454
44458
44493
44923
45036
45039
45154
45278
45724
45770
45983
45991
46003
46008
46053
46217
46471
46529
46700
46703
46711
46757
46956
46999
47327
47427
47721
47970
48042
48176
48204
48241
48271
48298
48301
48335
48382
48406
48465
48931
49030
49034
49125
49485
49523
49630
49751
49936
49959
50121
50377
50417
50750
50856
50872
50874
50983
51013
51127
51331
51376
51397
51533
51626
51817
51904
52072
52152
52168
52325
52410
52441
52505
52553
52608
52731
52760
52786
52790
52801
52844
52970
52992
53285
53451
53607
53665
53685
53907
53923
54223
54284
54481
54600
54983
55010
55042
55151
55239
55446
55726
55903
55941
55970
56078
56148
56413
56494
56502
56781
56893
57129
57137
57236
57269
57307
57318
57425
57506
57650
57741
57934
58018
58122
58128
58202
58203
58325
58437
58513
58519
58523
58541
58612
58724
58937
59082
59157
59250
59272
59352
59390
59438
59558
59602
59675
59692
59795
59803
59814
59901
60018
60075
60207
60248
60303
60329
60372
60520
60714
61023
61044
61053
61163
61199
61936
62013
62079
62161
62169
62366
62387
62548
62578
62608
62633
62787
62977
63074
63303
63306
63311
63420
63606
63788
63789
63811
63970
64080
64082
64092
64212
64266
64383
64463
64485
64506
64582
64713
64891
64955
64963
65138
65159
65399
65458
65484
65587
65746
65810
66092
66174
66361
66508
66666
66729
66910
66982
67230
67345
67513
67587
67591
67898
67916
67965
68203
68309
68471
68754
69049
69124
69150
69173
69182
69230
69250
69289
69310
69434
69581
69648
69679
69724
69900
69973
69988
70279
70384
70466
70562
70676
70733
70954
71102
71146
71163
71280
71388
71504
71585
71793
71806
71866
71880
72438
72544
72612
72922
72972
73068
73080
73089
73097
73251
73676
73691
73784
73898
73937
73980
74020
74053
74136
74287
74619
74755
74799
74802
74921
74955
74980
75032
75184
75977
76058
76150
76266
76306
76314
76327
76418
76692
76716
77309
77314
77406
77412
77676
77741
77805
78158
78163
78165
78332
78339
78454
78552
78565
78587
78661
78662
78811
79006
79125
79290
79337
79445
79592
79598
79599
79613
79642
79740
79891
80103
80176
80205
80362
80389
80439
80450
80608
80979
81095
81239
81268
81396
81533
81604
81615
81804
81875
81941
81976
82207
82249
82345
82389
82463
82698
83340
83395
83475
83644
83659
83729
83857
83944
83976
84043
84172
84183
84217
84220
84229
84449
84550
84554
84600
84643
84719
84731
84790
84999
85051
85123
85128
85153
85196
85251
85279
85286
85537
85575
85582
85682
85723
85962
85975
86186
86477
86567
86603
87139
87308
87398
87403
87507
87632
87681
87744
87972
88132
88204
88259
88332
88483
88496
88617
88621
88706
88789
88832
88874
89071
89305
89349
89364
89536
89543
89732
89778
90033
90080
90546
90656
90688
90886
90915
91041
91069
91166
91568
91666
91708
91844
91926
92052
92302
92417
92431
92677
93028
93082
93154
93217
93515
93571
93746
93910
94036
94133
94137
94247
94262
94318
94333
94362
94380
94467
94485
94495
94653
94734
94754
94851
94856
95078
95082
95184
95198
95237
95457
95502
95571
95595
95639
95703
95843
95987
96213
96375
96430
96438
96489
96526
96531
96532
96554
96611
96617
96828
97016
97125
97327
97435
97474
97555
97684
97761
97979
98064
98067
98088
98217
98342
98611
98740
98742
98752
98827
98892
98917
99047
99359
99380
99433
99437
99466
99497
99708
100148
100307
100316
100350
100379
100397
100452
100576
100863
100891
100901
101108
101138
101332
101351
101530
101534
101640
101699
101702
101923
101991
102041
102184
102292
102405
102481
102548
102841
103038
103142
103158
103201
103296
103300
103352
103476
103488
103587
103661
103749
103756
103864
103887
103987
103999
104040
104107
104256
104510
104548
104717
104775
104794
104817
104818
104891
105278
105302
105418
105544
105720
105968
105997
106017
106128
106626
106689
106798
106908
107015
107030
107094
107109
107180
107223
107288
107377
107382
107415
107549
107665
107723
107832
107846
107982
108021
108175
108230
108327
108424
108430
108504
109052
109092
109244
109451
109486
109595
109697
109887
109918
109949
110047
110134
110146
110197
110238
110255
110283
110286
110492
110548
110579
110649
110840
110909
110965
110989
111088
111089
111132
111286
111396
111439
111485
111894
111915
112035
112052
112171
112287
112481
112534
112656
112678
112754
112914
113010
113362
113564
113590
113635
113775
113811
114069
114189
114201
114276
114310
114334
114544
114569
114666
114750
114897
115000
115002
115186
115247
115331
115399
115410
115432
115473
115528
115601
115707
115811
115829
115927
115979
115981
116173
116381
116533
116588
116602
116658
116689
116816
116921
116972
117002
117504
117511
117565
117954
118021
118053
118328
118584
118658
118804
118863
119040
119093
119265
119283
119288
119314
119441
119532
119575
119578
119858
119918
119937
119989
120000
120065
120095
120417
120444
120674
120843
120925
120939
121118
121348
121535
121718
121833
121842
121846
121913
122057
122063
122154
122305
122345
122423
122499
122525
122536
122547
122607
122665
122839
123060
123159
123173
123260
123326
123403
123482
123504
123562
123751
123790
123845
123928
124031
124195
124244
124437
124480
124499
124599
124736
124775
124852
125020
125323
125330
125459
125564
125919
125945
125967
126043
126147
126819
126893
126985
127016
127195
127232
127273
127557
127650
127677
128248
128307
128518
128939
129078
129105
129151
129296
129297
129323
129363
129408
129414
129486
129498
129661
129792
129819
129885
130117
130242
130253
130270
130393
130489
130497
130549
130553
130909
130957
131072
131213
131246
131351
131407
131469
131569
131760
131826
131950
132016
132346
132408
132456
132588
132729
132757
132778
133203
133212
133245
133260
133410
133557
133608
133863
133953
134007
134079
134087
134143
134286
134305
134689
134716
134724
134848
135022
135026
135047
135108
135161
135217
135762
135785
135849
135909
136167
136215
136357
136386
136554
136583
136588
136617
136706
136856
136956
136980
137099
137269
137331
137454
137483
137504
137856
137871
137898
138186
138331
138460
138471
138531
138547
138567
138643
138706
138789
138940
139078
139136
139178
139196
139232
139316
139447
139842
139910
140095
140110
140287
140396
140445
140457
140646
140801
141208
141239
141266
141322
141413
141443
141452
141590
141603
141655
141765
141869
141887
141998
142070
142132
142258
142347
142354
142381
142452
142564
142607
142708
142710
142717
142747
142879
142969
143033
143282
143411
143461
143519
143548
143636
143640
143722
143946
144091
144175
144234
144341
144360
144430
144494
144682
144854
145240
145256
145257
145305
145342
145496
145579
145787
145872
145907
145917
145992
146088
146363
146378
146391
146417
146476
146553
146710
146811
146820
146872
146887
146898
146933
147014
147021
147042
147070
147076
147145
147168
147397
147692
147921
147948
148053
148077
148083
148121
148155
148414
148514
148629
148660
148668
148716
148867
149163
149290
149344
149445
149460
149606
149628
149775
149901
150025
150245
150294
150305
150367
150403
150455
150537
150660
150841
151012
151022
151091
151144
151215
151400
151573
151756
151816
151939
152032
152143
152148
152156
152313
152428
152494
152635
152649
152658
152942
153081
153139
153200
153225
153318
153574
153630
153655
153692
153712
153827
153864
153871
153900
154063
154105
154154
154358
154370
154421
154548
154579
154587
154636
154803
154886
155146
155323
155419
155423
155496
155777
155783
155834
156083
156165
156700
156701
156706
156859
156925
156992
157018
157058
157282
157386
157548
157641
157861
157975
158051
158407
158459
158867
159270
159277
159328
159388
159420
159439
159569
159651
159965
160014
160184
160297
160387
160476
160551
160706
161151
161190
161606
161626
161702
161849
161955
162033
162065
162303
162457
162500
162506
162550
162797
162993
163197
163311
163484
163500
163547
163558
163768
163882
164004
164066
164067
164282
164455
164544
164634
164644
164699
164700
164735
164760
164844
164942
164947
164966
165084
165098
165130
165227
165378
165634
165776
165860
165893
165947
166046
166109
166203
166207
166279
166290
166372
166416
166521
166729
166824
166999
167153
167189
167270
167282
167287
167330
167462
167475
167666
167792
167850
167997
168035
168041
168068
168207
168210
168324
168412
168446
168546
168614
168785
168825
168884
169108
169135
169375
169434
169503
169698
169805
170061
170072
170107
170140
170219
170240
170279
170365
170434
170551
170569
170601
170627
170908
171020
171091
171106
171167
171188
171371
171699
171741
171781
171889
171904
172371
172462
172948
173035
173261
173302
173363
173600
173616
173798
174100
174456
174591
174615
174638
174801
174894
175048
175095
175205
175216
175477
175507
175564
175578
175647
175649
175877
176126
176128
176202
176378
176441
176561
176654
176686
176812
176883
176911
177370
177556
177749
177777
177923
177990
178040
178048
178104
178136
178193
178203
178288
178334
178356
178608
178702
178903
178926
178970
178979
179029
179263
179339
179394
179531
179667
179687
179762
179921
179938
180199
180379
180525
180611
180676
180915
181022
181060
181158
181228
181420
181643
181823
181856
181905
182074
182079
182192
182230
182283
182351
182360
182603
182624
182648
182790
182824
182911
182999
183073
183166
183263
183296
183454
183557
183573
183616
183892
183927
184030
184137
184168
184176
184251
184293
184716
184747
184795
184835
185015
185119
185258
185275
185320
185401
185473
185503
185724
185742
185749
185759
185790
186074
186236
186509
186907
186920
186922
186954
186988
187060
187066
187099
187114
187118
187146
187208
187313
187346
187379
187562
187579
187737
187808
187874
187919
187963
188083
188114
188411
188459
188486
188588
188727
188788
189002
189063
189127
189179
189237
189481
189568
189570
189638
189716
189727
189747
189869
189894
190126
190192
190331
190440
190473
190559
190623
190659
190699
190867
190891
191059
191101
191208
191261
191296
191325
191451
191460
191495
191660
191728
191787
191847
191979
192096
192121
192159
192369
192496
192537
192732
192883
192933
192945
192959
193038
193343
193440
193489
193538
193568
193594
193616
193647
193658
193806
193912
193948
193958
194271
194472
194703
194756
194993
195276
195359
195420
195530
195759
195806
195847
195925
195935
196255
196327
196364
196366
196899
196964
197036
197119
197144
197164
197265
197381
197407
197472
197500
197588
197789
197993
198053
198093
198103
198267
198462
198712
198841
198886
199011
199111
199253
199349
199354
199460
199583
199588
199649
199804
200030
200104
200130
200183
200452
200556
200563
200582
200626
200650
200712
200729
200866
200914
200951
201036
201051
201163
201219
201243
201278
201570
201747
201756
201962
202091
202134
202219
202658
202712
202773
202820
202893
202902
202947
202967
203103
203301
203533
203722
203840
203865
203957
204085
204229
204335
204424
204513
204563
204619
204668
204689
204797
204847
204881
204895
204945
205018
205024
205186
205216
205392
205408
205441
205545
205573
205652
205748
205833
206157
206279
206301
206323
206381
206417
206493
206736
206784
206831
206946
206976
207069
207094
207249
207451
208107
208128
208185
208280
208333
208399
208644
208756
208840
208860
209049
209119
209124
209348
209399
209608
209846
209871
209897
210208
210413
210692
210827
210914
210957
210987
211006
211127
211236
211490
211527
211570
211596
211834
211937
211961
211998
211999
212154
212321
212337
212360
212472
213293
213532
213760
213824
213826
214047
214237
214247
214365
214419
215116
215535
215567
215650
215745
215800
215928
216028
216150
216168
216191
216442
216574
216657
216736
216762
216869
217044
217399
217489
217536
217650
217695
217804
217869
217897
217950
217970
218023
218178
218191
218224
218279
218397
218531
218563
218570
218755
218912
219120
219197
219202
219307
219332
219351
219415
219423
219673
219777
219860
220077
220255
220370
220426
220458
220621
220880
220990
221059
221131
221257
221369
221434
221617
221712
221823
221828
222030
222064
222339
222425
222710
222873
223063
223101
223272
223311
223430
223490
223500
223553
223711
223729
223744
223767
223813
224090
224141
224337
224366
224682
224744
224816
224851
224991
225028
225047
225099
225327
225373
225399
225407
225514
225633
225663
225717
225720
225806
225894
225934
226228
226236
226241
226513
226774
227057
227072
227161
227163
227238
227243
227412
227443
227486
227506
227624
227642
227691
227766
227803
227862
227908
227920
228152
228255
228293
228484
228559
228623
228651
228697
228723
228804
228813
228850
228901
229013
229016
229073
229127
229164
229171
229355
229485
229533
229562
229589
229605
229614
229819
229876
229904
230002
230044
230226
230292
230423
230474
230842
230863
230895
231005
231012
231241
231313
231380
231444
231693
231894
231971
231995
232226
232250
232271
232306
232341
232402
232572
232795
232902
233018
233055
233174
233183
233241
233375
233383
233395
233415
233422
233738
233827
233924
234262
234361
234459
234496
234515
234638
234741
234819
234827
234836
234894
234953
235017
235032
235033
235250
235277
235349
235521
235657
235680
235758
235871
236047
236081
236101
236179
236283
236330
236397
236430
236636
236716
236990
237035
237111
237140
237402
237445
237488
237559
237751
238023
238212
238294
238404
238418
238629
238659
238716
238965
239131
239197
239275
239527
239681
239892
239948
240059
240235
240370
240430
240457
240531
240611
240792
241162
241210
241286
241308
241371
241525
241639
241653
241883
241892
241922
241949
241993
242162
242323
242347
242430
242489
242490
242616
242817
242886
242896
242946
242976
243082
243230
243268
243462
243514
243590
243844
244026
244173
244245
244296
244427
244448
244522
244564
244639
244682
244700
244793
244850
244899
244982
245372
245433
245621
245810
246008
246020
246237
246342
246442
246583
246600
246623
246656
246716
246724
246819
246863
247220
247598
247608
247828
247843
247880
247954
247957
248248
248368
248589
248629
248726
248732
248783
248794
248955
249111
249356
249479
249783
249796
249902
250220
250303
250324
250350
250373
250434
250774
250867
250953
250958
251018
251216
251414
251437
251450
251602
251632
251637
251646
251741
251797
251924
252004
252031
252152
252428
252798
252817
252865
253040
253155
253214
253273
253335
253361
253501
254058
254059
254085
254377
254405
254453
254472
254478
254559
254566
254686
254806
254936
255115
255136
255140
255203
255753
255861
255946
256085
256296
256366
256437
256593
256649
256666
256705
256864
256888
256945
257148
257328
257424
257575
257786
257821
258154
258185
258224
258567
258582
258595
258682
258794
258965
259068
259100
259183
259312
259318
259404
259425
259596
259605
259653
259663
259702
259814
259899
259978
260061
260067
260220
260324
260366
260413
260435
260452
260528
260646
260673
260780
260851
260984
261183
261239
261342
261487
261495
261529
261537
261610
261811
261822
261849
261873
261875
261951
262221
262246
262247
262431
262538
262553
262608
263043
263121
263163
263168
263714
263723
263895
263930
263947
264024
264126
264147
264334
264365
264516
264570
264679
264698
264829
264961
265123
265335
265358
265439
265461
265488
265750
265837
266292
266462
266479
266643
266703
266775
266806
266856
266889
266891
266903
266904
266945
266995
267013
267094
267218
267222
267325
267385
267399
267443
267556
267581
267680
267729
267841
267913
268183
268205
268394
268491
268624
268666
268720
268780
268814
268873
268922
268943
268979
268981
269035
269262
269496
269583
269630
269664
269935
270081
270323
270333
270334
270439
270478
270525
270527
270712
270731
271123
271125
271281
271415
271416
271430
271548
271949
272178
272471
272534
272553
272637
272638
272683
272829
272870
272883
273091
273098
273154
273162
273284
273328
273369
273373
273538
273707
273932
274240
274784
274968
274976
275005
275239
275342
275581
275634
275726
275818
275885
275924
275943
276043
276060
276070
276153
276555
276768
276792
276859
276957
276980
277007
277165
277349
277604
277662
278046
278073
278296
278382
278479
278509
278772
278921
278950
278979
278995
279271
279487
279641
279681
279712
279727
279977
280341
280471
280504
280518
280726
280782
281170
281198
281236
281239
281270
281283
281410
281552
281577
281591
281739
281747
281828
281893
281899
281984
282163
282273
282316
282425
282486
282563
282742
282829
282848
282854
282933
282956
282967
283023
283217
283433
283697
283943
284032
284206
284227
284447
284617
284670
284678
284746
284775
284871
284936
284942
284997
285156
285220
285362
285741
285869
285958
286069
286145
286224
286447
286457
286470
286660
286943
287019
287084
287235
287337
287350
287382
287493
287506
287515
287952
287962
288099
288383
288483
288716
288939
288952
289054
289167
289195
289197
289304
289455
289469
289557
289798
289847
289923
290014
290368
290447
290476
290744
290843
290847
291169
291871
291992
291998
292019
292170
292300
292458
292623
292786
292790
292952
293398
293440
293467
293692
293703
293707
293762
293871
293971
293983
294328
294515
294550
294624
294704
294726
294743
294821
294837
294844
294973
295013
295054
295105
295111
295156
295267
295354
295367
295444
295574
295639
295723
295737
295761
295922
296081
296096
296099
296155
296327
296682
296700
296768
296774
296880
296914
296952
296996
297033
297058
297237
297255
297560
297612
297614
297690
298006
298085
298452
298679
298745
298884
299028
299231
299245
299424
299511
299666
299767
299803
299893
299960
299982
300018
300109
300227
300303
300452
300479
300533
300549
300571
300909
300931
301032
301100
301115
301230
301369
301399
301406
301873
302023
302073
302249
302362
302413
302510
302634
302743
302784
302808
302849
302902
303037
303110
303129
303156
303294
303319
303554
303776
303839
303917
303978
304105
304260
304275
304350
304405
304406
304541
304623
304725
304924
305106
305377
305395
305433
305472
305502
305727
305734
305769
305785
305876
306018
306059
306157
306258
306390
306652
306959
307123
307500
307635
307648
307699
307900
307908
308070
308303
308370
308807
308897
309090
309133
309243
309282
309735
309779
309837
309955
310016
310018
310195
310247
310518
310625
310681
310691
310700
310735
310819
310829
310988
311426
311453
311585
311727
311743
311855
311859
311970
312265
312433
312469
312646
312714
312749
312836
312884
313063
313091
313096
313148
313172
313208
313282
313306
313341
313390
313502
313606
313628
313687
313739
314184
314197
314413
314470
314530
314563
314602
314784
314913
314985
315009
315268
315292
315341
315378
315450
315480
315568
315653
315737
315836
315872
316076
316184
316190
316302
316306
316406
316416
316437
316441
316508
316667
316756
316954
316968
317228
317232
317273
317304
317409
317457
317606
317636
317977
318128
318187
318265
318459
318481
318498
318529
318533
318582
318642
318808
318848
319034
319207
319415
319655
319850
319891
319950
320047
320527
320551
320638
320662
320670
320796
320953
321050
321108
321246
321498
321532
321850
321868
321883
322035
322037
322424
322450
322745
322826
322873
322898
323193
323274
323392
323528
323658
323896
323943
323975
324168
324196
324411
324446
324496
324629
325013
325026
325066
325090
325151
325169
325189
325255
325260
325297
325334
325536
325612
325619
325761
325765
325836
325879
325929
326071
326094
326107
326149
326270
326324
326361
326431
326500
326634
326665
326674
326761
326982
327058
327101
327118
327444
327695
327759
327848
327867
327910
328193
328209
328258
328537
328544
328721
328768
328819
329165
329190
329237
329374
329538
329639
329709
329739
329836
330251
330253
330291
330416
330459
330561
330576
330887
331001
331077
331278
331645
331687
331695
331853
331881
332024
332269
332340
332597
332633
332752
332843
333064
333116
333139
333306
333499
333514
333519
333663
333696
333770
333876
334083
334089
334279
334294
334336
334637
334679
334741
334769
334936
334984
335023
335072
335162
335181
335239
335260
335306
335318
335432
335504
335701
335899
335931
336034
336118
336264
336435
336631
336646
336687
336712
336806
337026
337031
337212
337213
337329
337342
337369
337410
337426
337598
337763
337822
337871
337982
338030
338132
338159
338209
338346
338530
338634
338816
338883
339029
339061
339176
339279
339402
339698
339946
340043
340248
340273
340435
340466
340624
340625
340747
340779
340793
340876
341239
341281
341357
341455
341459
341486
341510
341671
341801
341903
341999
342049
342148
342240
342258
342264
342310
342467
342575
342603
342676
342699
342849
343003
343042
343095
343195
343233
343388
343405
343473
343568
343621
343640
343719
343750
343823
344001
344025
344046
344139
344196
344378
344386
344622
344641
344831
345068
345105
345113
345133
345213
345496
345546
345647
345700
345709
345793
345907
345919
346172
346213
346261
346345
346649
347132
347206
347312
347401
347454
347596
347669
347905
347918
348020
348195
348203
348405
348454
348505
348513
348596
348697
348744
348747
349077
349154
349313
349489
349527
349836
349939
349941
349966
350097
350152
350350
350488
350629
350987
351008
351009
351229
351370
351515
351530
351664
351890
351956
351987
352015
352144
352296
352418
352509
352646
352760
353390
353456
353564
353582
353585
353800
353861
354441
354449
354651
354660
354922
354992
354996
355040
355167
355184
355241
355330
355379
355414
355455
355642
355675
355696
355775
355785
355801
355881
355950
355975
355976
356028
356063
356094
356151
356155
356210
356438
356489
356524
356576
356646
356751
356854
356873
357041
357161
357250
357350
357509
357564
357576
357647
357685
357755
357764
357795
358038
358158
358178
358219
358333
358398
358494
358567
358863
358875
358938
359075
359102
359323
359348
359541
359620
359873
359876
359998
360004
360074
360090
360138
360146
360168
360197
360240
360345
360389
360456
360481
360699
360843
360851
360867
361194
361253
361355
361422
361595
361643
361683
361711
361735
361802
362099
362320
362413
362421
362450
362482
362485
362537
362799
362803
362841
363080
363202
363213
363305
363364
363518
363524
363567
363848
363894
363926
364025
364087
364388
364395
364556
364597
364781
364798
364860
364923
364965
364990
365106
365113
365166
365287
365452
365618
365696
365796
366005
366228
366288
366463
366467
366504
366593
366629
366700
366978
367212
367267
367276
367383
367420
367559
367610
367656
367992
368060
368194
368286
368292
368340
368485
368530
368554
368648
368685
368723
368790
369057
369168
369215
369407
369471
369600
369729
369850
369929
369943
370071
370272
370285
370378
370447
370576
370796
370859
370909
370952
371048
371079
371269
371467
371479
371565
371595
371735
372099
372325
372484
372662
372880
372984
373025
373375
373438
373454
373628
373949
374227
374240
374329
374331
374560
374623
374667
374745
374754
374858
375181
375219
375287
375355
375449
375619
375661
375747
375778
375871
376000
376060
376206
376281
376712
377049
377160
377206
377323
377562
377637
377645
377663
377732
377760
377790
377819
377958
378165
378248
378354
378857
378956
379065
379071
379123
379169
379304
379306
379438
379441
379519
379550
379554
379655
379759
379873
379936
379975
380093
380152
380175
380218
380246
380248
380456
380471
380474
380492
380526
380543
380814
380864
380887
381021
381025
381233
381252
381368
381403
381469
381477
381552
381661
381773
381868
382167
382187
382233
382349
382362
382558
382632
382656
382767
382869
382926
382946
383020
383207
383266
383277
383293
383366
383400
383525
383635
383804
383857
383873
383948
383976
383993
384040
384122
384150
384605
384731
384733
384846
385014
385054
385074
385127
385150
385208
385410
385947
386131
386217
386218
386237
386356
386438
386533
386674
386754
386944
386996
387146
387221
387348
387422
387463
387473
387520
387609
387650
387755
387798
388234
388414
388433
388448
388503
388760
388964
389054
389065
389173
389236
389464
389671
389751
389775
389872
390092
390594
390645
390664
390974
391084
391086
391148
391223
391314
391355
391399
391568
391590
391700
391973
392072
392151
392190
392270
392427
392560
392975
393066
393104
393344
393360
393647
393803
393852
393907
393912
394034
394167
394288
394297
394328
394337
394349
394831
394869
394972
395003
395059
395208
395601
395649
395743
395753
396079
396092
396400
396422
396668
397056
397117
397131
397445
397466
397494
397496
397498
397591
397621
397926
397997
398471
398500
398591
398662
398761
398767
398896
399140
399290
399294
399386
399563
399565
399685
399907
400132
400140
400187
400247
400430
400603
400742
400817
401123
401233
401320
401337
401595
401636
402017
402022
402415
402572
402700
402759
402849
402850
402963
403128
403166
403265
403548
403553
403735
403871
403874
403939
404029
404152
404166
404200
404227
404274
404312
404476
404786
404946
405037
405060
405190
405198
405285
405349
405381
405388
405744
405867
405900
405939
405980
406448
406642
406754
406779
406818
406970
407190
407193
407232
407308
407338
407380
407504
407513
407630
407704
407914
407920
408005
408032
408043
408548
408565
408630
408711
408882
408942
409053
409088
409166
409285
409401
409492
409540
409561
409570
409673
410071
410080
410237
410316
410416
410674
410823
410835
411070
411073
411171
411302
411320
411799
411853
412117
412348
412387
412600
412665
412750
412887
412975
413008
413009
413106
413122
413126
413155
413180
413267
413645
413663
413676
413716
413915
414076
414089
414097
414229
414364
414377
414389
414461
414663
414720
414771
414795
414905
415002
415011
415034
415078
415116
415166
415188
415258
415267
415378
415422
415578
415817
415858
416091
416103
416189
416230
416276
416297
416335
416349
416448
416558
416727
417153
417156
417173
417174
417425
417476
417819
417877
417905
417910
417917
418317
418368
418372
418571
418734
418764
418949
418965
419074
419086
419158
419297
419443
419461
419878
419912
419923
420111
420147
420261
420416
420518
420639
420747
420927
420962
420977
421008
421123
421303
421335
421410
421491
421565
421659
421989
422016
422212
422304
422527
422604
422655
422669
422749
422964
423035
423402
423504
423955
424140
424194
424521
424702
424831
424847
425065
425099
425128
425154
425184
425287
425465
425715
425798
425924
425936
426059
426073
426094
426263
426437
426482
426507
426537
426604
426764
426786
426845
426973
427035
427351
427467
427559
427566
427677
427708
427936
427981
428052
428058
428290
428342
428349
428405
428954
428976
429074
429114
429152
429197
429728
429751
429813
429820
429841
429900
429968
430049
430135
430253
430316
430406
430878
430950
431065
431270
431496
431638
431746
431780
431801
431803
431880
431943
432309
432524
432550
432645
432677
432712
433094
433253
433274
433328
433405
433498
434136
434211
434213
434263
434324
434376
434404
434642
434722
434811
434909
434952
435265
435405
435610
435713
435752
435837
435954
436079
436104
436164
436339
436381
436705
436725
436795
436818
436922
437058
437124
437211
437235
437278
437295
437515
437529
437584
437930
437990
438035
438082
438214
438270
438348
438350
438472
438474
438656
438772
438798
438848
439003
439033
439061
439177
439259
439438
439558
439611
439710
440027
440034
440211
440212
440220
440280
440308
440343
440440
440592
440651
441113
441202
441301
441330
441358
441377
441477
441662
441814
441916
442005
442071
442106
442301
442424
442433
442619
442680
442713
442859
442864
443000
443014
443085
443086
443111
443112
443278
443373
443487
443518
443553
443569
443651
444008
444112
444435
444553
444732
444839
445082
445113
445186
445226
445245
445283
445384
445414
445616
445674
445725
445726
445891
445917
446158
446166
446482
446504
446511
446577
446740
446741
446761
446984
447130
447270
447316
447334
447431
447503
447566
447604
447681
447685
447743
447765
447793
448039
448099
448292
448358
448449
448497
448623
448754
448844
448957
449073
449084
449154
449158
449216
449226
449341
449481
449518
449716
449809
449854
449872
450087
450342
450410
450876
450927
451190
451204
451211
451228
451247
451262
451449
451519
451640
451731
451756
452017
452079
452266
452475
452551
452673
452790
452799
452945
452996
453195
453253
453493
453946
454014
454090
454139
454309
454315
454354
454471
454618
454648
454755
454769
454950
454979
455189
455376
455493
455600
455719
455897
456051
456132
456143
456155
456331
456402
456409
456502
456678
456774
457033
457120
457442
457443
457448
457455
457523
457600
457608
457669
457788
457976
458082
458093
458114
458128
458162
458194
458266
458489
458634
458772
459128
459159
459237
459354
459494
459555
459662
459691
459731
459795
460077
460139
460172
460228
460395
460485
460669
460726
460823
460834
460985
461074
461099
461107
461167
461187
461240
461387
461536
461702
462354
462373
462718
462982
463067
463147
463201
463336
463428
463499
463656
463697
463803
464095
464214
464282
464299
464401
464438
464709
464781
464960
465012
465020
465023
465026
465095
465192
465286
465293
465351
465479
465501
465524
465605
465653
465768
465910
465972
466018
466263
466280
466308
466311
466356
466418
466490
466590
466648
466954
467606
467698
467981
468007
468089
468118
468253
468331
468341
468343
468534
468648
468878
468916
468938
468987
469070
469225
469308
469361
469515
469668
469709
470012
470027
470201
470228
470332
470348
470545
470648
470861
470969
471131
471137
471161
471173
471247
471274
471315
471319
471342
471348
471566
471641
471646
471774
471868
471915
472141
472234
472271
472307
472476
472590
472684
472846
472902
472950
473110
473248
473406
473723
473754
473777
473881
474057
474134
474240
474576
474609
474726
474731
474837
474879
474906
474992
474994
475024
475072
475132
475253
475384
475427
475505
475872
475909
476059
476078
476121
476173
476190
476198
476215
476438
476598
476626
476648
476738
477473
477842
477843
477877
477954
477983
478034
478090
478591
478757
478993
479020
479034
479046
479182
479217
479226
479289
479553
479690
479731
479921
479948
480187
480435
480744
480861
481389
481416
481444
481474
481559
481647
481692
481711
481761
481798
481950
482071
482072
482117
482210
482245
482478
482486
482649
482795
483018
483054
483389
483445
484038
484197
484222
484275
484363
484505
484561
484653
484697
484921
485042
485190
485278
485289
485296
485300
485498
485531
485731
485746
486031
486036
486134
486317
486430
486713
486762
486831
486963
486977
486989
487023
487052
487194
487246
487342
487493
487540
487563
487626
487690
488095
488216
488577
488637
488703
488714
488841
489325
489418
489482
489570
489683
489692
489750
489794
490051
490079
490155
490189
490240
490266
490390
490464
490478
490691
490777
490808
491044
491206
491482
491621
491695
491764
491956
492191
492330
492398
492434
492540
492716
492872
492874
493092
493127
493288
493315
493333
493390
493463
493691
493726
493825
493856
493909
493933
493950
493958
494017
494052
494081
494181
494248
494287
494291
494404
494514
494977
495102
495185
495217
495222
495236
495284
495327
495640
495645
495680
495824
495888
495910
495916
495937
496103
496345
496533
496561
496652
496965
497004
497010
497017
497217
497305
497334
497559
497623
497676
497875
497889
497924
497963
497982
498108
498118
498385
498431
498477
498843
498844
498860
498882
498924
498992
499151
499154
499220
499237
499274
499279
499322
499348
499540
499720
499743
499788
499884
499939
500235
500284
500512
500757
500822
500863
500950
500967
501100
501162
501307
501332
501503
501560
501735
501856
501902
502018
502055
502118
502146
502381
502473
502520
502749
502819
502915
502979
503008
503038
503123
503143
503356
503376
503391
503694
503896
503978
504040
504104
504238
504241
504315
504374
504537
504976
504998
505212
505282
505315
505433
505662
506104
506259
506309
506360
506755
506813
506872
507123
507133
507447
507485
507498
507564
507601
507781
508013
508075
508107
508123
508313
508487
508600
508650
508750
508760
508800
508871
509356
509548
509560
509683
509739
509785
510050
510054
510065
510098
510130
510274
510285
510728
510844
510893
510931
510936
511005
511031
511341
511418
511593
511607
512231
512304
512330
512339
512481
512644
512926
512983
512997
513024
513036
513180
513306
513365
513437
513772
513841
513914
513963
513973
514128
514179
514301
514425
514632
514668
514750
514829
514917
515063
515080
515096
515144
515433
515478
515488
515515
515641
515729
515850
516011
516029
516117
516152
516393
516421
516679
516764
516823
516957
516984
517208
517245
517336
517421
517448
517472
517502
517687
517698
517805
517831
517872
517972
517975
518187
518337
518454
518529
518595
518637
518706
518763
518855
519124
519162
519227
519229
519372
519470
519572
519806
519972
519994
520054
520115
520122
520125
520427
520609
520780
520792
520804
520917
521184
521241
521493
521583
521590
521624
521706
521766
521872
522021
522052
522096
522123
522209
522237
522550
522596
522898
523010
523017
523041
523120
523185
523339
523372
523512
523560
523634
523783
523905
523954
524015
524259
524370
524461
524543
524582
524603
524620
524791
524832
524892
524896
525085
525179
525438
525506
525637
525711
525746
525763
525823
525880
525885
525899
525978
526038
526067
526072
526088
526182
526224
526239
526319
526340
526398
526744
527128
527205
527222
527235
527320
527331
527386
527414
527419
527428
527488
527619
527810
527864
527900
527977
528054
528263
528557
528560
528755
528819
528848
528879
528920
529037
529109
529111
529274
529312
529847
530040
530044
530336
530344
530347
530386
530404
530435
530528
530692
530876
530902
530911
531249
531357
531365
531390
531448
531630
531655
531989
532125
532185
532241
532371
532687
532726
532745
533045
533049
533108
533134
533335
533418
533749
533792
533824
534014
534087
534202
534206
534210
534253
534270
534284
534398
534540
534660
534756
534786
534878
534981
535025
535083
535143
535291
535310
535566
535569
535692
535759
535780
535823
535860
535893
535896
535903
535968
535975
535994
535996
536046
536076
536095
536256
536354
536395
536504
536766
536928
537249
537332
537374
537474
537655
537693
537921
538115
538160
538355
538400
538432
538667
538713
538846
538847
538999
539032
539113
539146
539180
539208
539391
539394
539419
539503
539575
539582
539689
539710
539831
539879
539998
540062
540070
540123
540124
540194
540256
540286
540307
540324
540559
540807
541089
541196
541243
541299
541468
541473
541535
541806
541866
541976
542024
542080
542128
542148
542175
542228
542236
542338
542396
542500
542570
542626
542675
542681
542703
542807
542822
543217
543286
543389
543428
543693
543725
544046
544076
544091
544118
544163
544220
544372
544563
544619
544959
544968
545181
545202
545247
545252
545382
545397
545443
545506
545743
546134
546165
546176
546261
546448
546456
546564
546769
546895
547425
547453
547512
547734
548050
548085
548179
548448
548683
548704
548712
548792
548868
548947
549065
549536
549726
549937
550143
550147
550197
550342
550389
550395
550550
550601
550744
550802
550892
550974
551020
551067
551080
551147
551156
551207
551218
551246
551257
551287
551333
551434
551503
551641
551748
551925
552378
552598
552618
552634
552653
552864
553185
553224
553300
553369
553418
553629
553664
553751
553859
553937
554094
554155
554329
554403
554456
554463
554548
554600
554921
554952
554969
554979
554996
555248
555258
555447
555545
555594
555626
555763
555798
555921
555980
556047
556081
556149
556263
556374
556467
556619
556758
556761
556787
556973
557074
557151
557172
557298
557315
557361
557363
557407
557686
557702
557773
557856
557872
557896
557952
558015
558373
558479
558738
558824
558845
559036
559132
559379
559529
559631
559656
559731
559764
560046
560095
560300
560460
560630
560644
560764
560786
560849
561140
561245
561287
561424
561482
561512
561558
561642
561731
561795
561895
561922
561979
562246
562247
562269
562452
562551
562566
562577
562727
562883
562894
562916
563332
563368
563408
563436
563650
563896
563972
564124
564132
564420
564662
564904
564963
565000
565060
565103
565161
565243
565417
565496
565572
565580
565641
565730
565740
565840
565859
565949
566158
566171
566309
566353
566374
566437
566673
566790
566842
567010
567244
567354
567424
567439
567500
567569
567592
567612
567628
567630
567646
567678
567942
567982
567988
568082
568113
568219
568269
568282
568401
568640
568816
568826
568860
568985
569067
569077
569251
569528
569543
569591
569662
569735
569798
570008
570020
570418
570484
570534
570620
570821
570887
570965
571039
571061
571560
571619
571673
571851
571913
571972
571990
572021
572051
572182
572197
572317
572546
572600
572654
572697
572751
572808
572933
573057
573323
573331
573351
573430
573459
573496
573529
573580
573686
573769
573986
574091
574150
574465
574469
574784
574833
574953
575009
575207
575229
575254
575331
575399
575573
575596
575638
575731
575777
575792
575984
575996
575998
576103
576132
576217
576288
576427
576436
576448
576474
576532
576624
576630
576690
576917
576954
576966
577036
577135
577498
577713
577811
577881
578026
578278
578317
578408
578479
578756
579021
579360
579396
579513
579518
579624
579658
579732
579788
579958
580215
580254
580259
580372
580665
580821
580865
580891
581052
581096
581104
581240
581309
581446
581499
581595
581727
581778
581890
582143
582214
582675
582785
582899
582931
582986
583076
583093
583126
583185
583387
583498
583514
583589
583607
583729
583841
583986
584070
584147
584297
584305
584533
584536
584637
584665
584783
584788
584875
585377
585511
585563
585570
585648
585686
585762
585845
585911
586018
586097
586212
586257
586269
586393
586678
586771
586987
587112
587170
587210
587266
587343
587465
587486
587556
587607
587614
587714
587867
587960
588066
588086
588125
588135
588233
588242
588393
588407
588429
588504
588534
588627
588933
588958
589025
589231
589413
589431
589436
589490
589574
589726
589949
590051
590193
590292
590356
590629
590640
590788
590818
591105
591125
591208
591281
591304
591345
591398
591828
591848
591974
592562
592604
592942
592975
593052
593064
593066
593375
593494
593561
593597
593603
593644
593874
593889
593959
593966
593978
594024
594145
594252
594308
594313
594507
594642
594820
594979
595023
595114
595253
595462
595640
595676
595928
595975
596030
596067
596119
596216
596327
596386
596627
597063
597393
597473
597707
597755
597910
597997
598030
598040
598073
598112
598167
598217
598530
598551
598814
598880
598921
598949
599069
599076
599335
599366
599434
599553
599686
599711
600163
600285
600431
600454
600474
600500
600770
600789
600800
601027
601235
601276
601302
601349
601378
601415
601453
601508
601570
601585
601625
601643
601707
601756
601845
602000
602098
602187
602189
602357
602684
602790
602800
602851
602874
603014
603170
603236
603651
603668
603670
603681
603734
603879
603957
604118
604172
604186
604191
604211
604220
604378
604420
604517
604523
604807
604838
604847
604875
604900
604933
605256
605263
605297
605356
605488
605526
605553
605569
605606
605717
605748
606006
606035
606230
606265
606487
606775
606788
606856
607022
607123
607225
607401
607498
607654
607793
607821
607895
607937
607966
607984
607997
608056
608094
608180
608231
608408
608446
608554
608675
608699
608778
608785
608864
608948
608972
609041
609101
609139
609241
609397
609427
609682
609774
609830
609851
610122
610289
610377
610382
610401
610530
610613
610845
611114
611169
611347
611558
611594
611601
611763
611832
611936
611948
611998
612310
612347
612418
612462
612488
612594
612815
612966
612978
612994
613097
613135
613176
613278
613515
613550
613558
613650
613682
613697
613935
614008
614038
614204
614296
614420
614593
614690
614793
614956
614968
614997
615026
615032
615209
615317
615348
615371
615519
615570
615638
615817
615900
615930
616081
616293
616378
616554
616708
616860
617054
617057
617090
617295
617356
617489
617516
617544
617721
617779
617931
618027
618506
618648
618649
618709
618724
618880
618942
618983
619041
619064
619075
619459
619468
619504
619576
619655
619814
619936
620010
620139
620150
620156
620224
620537
620951
621207
621233
621334
621452
621461
621523
621604
621729
621789
621847
621864
621901
621975
622291
622305
622360
622413
622454
622532
622545
622660
622772
622795
623125
623176
623322
623399
623492
623494
623581
623713
623787
624006
624106
624193
624206
624281
624378
624485
624493
624562
624795
625072
625242
625288
625536
625844
625947
625956
626137
626141
626217
626249
626331
626355
626369
626487
626512
626721
626867
627136
627214
627224
627305
627346
627433
627460
627546
628106
628132
628289
628392
628596
628808
629089
629098
629155
629186
629288
629424
629489
629561
629684
629746
629749
629847
629864
629990
630024
630037
630081
630169
630247
630448
630466
630491
630524
630563
630603
630997
631017
631132
631269
631410
631631
631937
631990
631995
632091
632182
632240
632257
632394
632427
632568
632580
632664
632718
632765
632907
632949
632969
633132
633152
633268
633333
633372
633640
633775
634191
634354
634402
634431
634636
634701
634990
634998
635157
635179
635369
635625
635649
635695
635711
635754
635775
635789
635905
636247
636289
636421
636429
636467
636472
636718
636823
636834
636854
636888
636929
636986
637063
637163
637176
637442
637476
637563
637612
637712
637764
637801
637912
637926
637931
638038
638076
638397
638443
638459
638468
638524
638531
638578
638582
638753
638904
638955
638974
639021
639082
639133
639244
639457
639474
639498
639578
639605
639642
639737
639769
639879
639919
640078
640088
640165
640209
640270
640299
640500
640529
640531
640543
640705
640752
640754
640967
641070
641176
641304
641319
641467
641552
641581
641808
641886
641997
642149
642449
642490
642515
642562
642598
642865
642892
642931
642978
643091
643092
643109
643233
643249
643304
643373
643409
643428
643598
643667
643691
643792
643838
643877
644081
644103
644156
644167
644211
644343
644384
644482
644487
644673
644686
644699
644700
644792
644797
644827
644872
644928
644943
644964
645024
645215
645431
645538
645569
645605
645659
645787
645798
645950
645969
646216
646264
646438
646518
646554
646627
646653
646656
646853
646989
647131
647149
647387
647424
647462
647487
647500
647569
647789
647829
647854
647855
647953
648039
648127
648178
648369
648445
648719
648861
648871
648876
648885
648983
649012
649191
649370
649567
649599
649642
649706
649726
649734
650040
650046
650259
650432
650507
650509
650642
650980
650995
651017
651081
651186
651204
651282
651347
651535
651618
651728
651840
651927
652175
652396
652399
652535
652621
652646
652682
652946
652973
653232
653237
653261
653520
653534
653683
653703
653721
653753
653781
653842
654034
654121
654332
654349
654353
654507
654521
654818
654850
654980
655005
655053
655239
655293
655295
655364
655392
655495
655504
655573
655595
655696
655704
655916
656182
656232
656281
656329
656331
656409
656509
656570
656592
656654
656670
656698
656741
656890
656954
657097
657165
657250
657334
657426
657441
657701
657910
658134
658193
658241
658253
658303
658334
658757
658827
658902
659099
659150
659176
659312
659384
659404
659503
659742
659772
659862
659892
660004
660089
660218
660240
660264
660335
660337
660349
660440
660545
660616
660627
660757
660797
660843
660866
661143
661334
661691
661727
661830
662002
662068
662107
662167
662286
662389
662412
662463
662518
662570
662739
662804
662834
663004
663033
663362
663403
663491
663548
663568
663624
663657
663719
663917
664187
664284
664326
664359
664596
664795
664796
664808
664878
664950
664959
665009
665140
665246
665356
665390
665530
665664
665677
665818
665832
665860
665908
666142
666200
666224
666363
666583
666645
666751
666753
667078
667342
667439
667474
667605
667828
667842
667844
667879
668083
668194
668225
668248
668408
668454
668468
668567
668800
668830
668966
669011
669048
669064
669191
669527
669561
669564
669744
669832
669833
669866
670210
670251
670391
670431
670436
670918
670989
671074
671141
671222
671366
671521
671584
671727
671807
671825
671925
671949
672044
672139
672256
672381
672442
672517
672785
672814
672848
672939
673443
673479
673493
673564
673604
673608
673829
673854
673856
674008
674056
674070
674077
674147
674154
674208
674245
674614
674621
674725
674729
674741
674784
674921
674962
675011
675267
675461
675535
675576
675672
675681
675757
675860
675941
675965
675997
676048
676076
676141
676217
676274
676379
676381
676411
676520
676556
676619
676854
677005
677151
677463
677538
677655
677687
677767
677819
678039
678176
678286
678341
678422
678595
678649
678692
678767
678935
679015
679071
679148
679287
679334
679363
679400
679426
679471
679478
679524
679660
680006
680009
680220
680246
680249
680370
680383
680427
680495
680512
680669
680942
680994
681106
681197
681227
681378
681459
681514
681763
681855
681865
682063
682073
682127
682132
682172
682173
682317
682526
682789
682912
683115
683139
683467
683499
683553
683645
683773
683790
683835
683842
683953
684110
684336
684596
684784
684903
684985
685065
685214
685222
685255
685286
685386
685422
685425
685555
685683
685760
685765
685801
685984
686060
686075
686136
686148
686154
686182
686203
686455
686505
686821
686889
687000
687226
687339
687497
687498
687578
687637
687736
687960
687988
688024
688079
688141
688202
688205
688219
688261
688354
688419
688531
688606
688635
688739
688788
688839
689005
689196
689244
689395
689421
689464
689485
689513
689601
689798
689929
690205
690247
690382
690509
690583
690639
690671
690723
690930
691046
691194
691472
691530
691549
691558
691788
691808
691860
691901
692131
692227
692302
692486
692549
692724
692876
693024
693186
693396
693976
694014
694016
694169
694267
694271
694439
694450
694910
695122
695456
695488
695804
696132
696208
696280
696301
696412
696494
696510
696867
696908
697080
697305
697338
697351
697379
697405
697451
697467
697509
697533
697570
697663
697720
697768
698073
698260
698314
698357
698385
698415
698544
698611
698722
698945
698946
699005
699414
699505
699528
699549
699563
699567
699707
699716
699746
700052
700053
700244
700252
700261
700264
700314
700380
700515
700708
700788
700821
700823
700839
700859
700934
700972
701156
701242
701283
701461
701467
701585
701603
701614
701646
701710
701763
701814
701951
701962
701972
701985
702078
702278
702299
702390
702625
702744
702772
702993
703028
703069
703084
703123
703137
703214
703460
703556
703564
703586
703844
703896
703897
703993
704117
704246
704336
704754
704954
705150
705153
705337
705365
705376
705513
705519
705723
705774
705816
705898
705921
705963
705992
706035
706126
706290
706400
706639
706716
706856
706952
707131
707423
707439
707528
707634
707684
707811
707898
708033
708173
708211
708332
708495
708746
708796
708939
709173
709183
709336
709361
709422
709471
709807
709873
710386
710427
710489
710600
710612
710685
710690
710750
710753
710829
710907
711143
711464
711645
711887
711962
712036
712251
712308
712358
712413
712448
712742
712824
713009
713145
713182
713244
713426
713434
713549
713874
713920
714103
714163
714174
714246
714478
714579
714968
714999
715009
715617
715640
715832
715876
715959
716136
716237
716242
716325
716391
716413
716526
716647
716706
716765
716988
717084
717151
717344
717525
717606
717684
717746
717816
717887
717888
717948
717996
718003
718113
718117
718350
718386
718571
718585
718679
718886
719029
719169
719286
719335
719446
719456
719509
719546
719564
719681
719740
719789
719828
719898
719923
719990
720069
720092
720264
720282
720654
720778
720794
721097
721108
721153
721300
721563
721715
721992
722151
722281
722407
722506
722519
722724
722736
722805
723098
723373
723587
723588
723618
723637
723715
723807
724078
724199
724223
724343
724496
724757
724913
724957
725222
725503
725562
725839
725870
726130
726425
726447
726534
726885
726888
726907
726923
727041
727076
727196
727203
727236
727379
727489
727554
727826
727895
727909
727973
727990
728054
728188
728254
728383
728626
728723
728920
728960
728962
729152
729335
729389
729453
729601
729613
729711
729719
730093
730444
730650
730662
730676
730728
730841
730892
730937
730941
731093
731211
731323
731389
731613
731672
732272
732480
732598
732683
732755
732910
733070
733146
733302
733965
733984
734035
734055
734229
734259
734263
734306
734431
734443
734519
734754
734799
734980
735062
735151
735377
735476
735555
735579
735639
735694
735790
735791
735794
735828
735910
735962
736062
736072
736269
736300
736318
736383
736396
736407
736479
736493
736591
736663
736729
736920
736933
737199
737336
737363
737413
737426
737495
737710
737750
737893
737903
738147
738165
738183
738206
738271
738279
738300
738302
738322
738342
738375
738384
738518
738528
738646
738697
738911
739264
739290
739312
739338
739600
739797
739807
739811
739852
739874
739896
739938
739957
740015
740073
740095
740114
740210
740217
740227
740333
740399
740410
740519
740816
740822
741016
741048
741229
741307
741704
741838
741946
742026
742171
742304
742598
742607
742900
742908
742989
743105
743151
743205
743292
743360
743428
743478
743671
743676
743708
743876
744045
744097
744168
744362
744499
744515
744622
744648
744751
744752
744807
745114
745121
745136
745192
745263
745382
745426
745428
745451
745541
745561
745617
745656
745761
745985
746121
746172
746457
746825
746901
747009
747052
747087
747106
747217
747276
747464
747902
748099
748109
748176
748363
748596
748732
748754
748843
748896
748953
748978
748987
749021
749047
749309
749483
749620
749743
749964
750199
750299
750391
750524
750679
750713
750716
750718
750751
750774
750977
751071
751170
751210
751282
751445
751505
751546
751592
751620
751630
751642
751806
751814
751881
751902
751930
752042
752079
752100
752107
752147
752148
752211
752278
752781
752807
752814
752857
753019
753069
753203
753323
753389
753555
753557
753702
753830
753934
754099
754364
754469
754526
754536
754678
754679
755050
755219
755414
755479
755606
755620
755626
755653
755654
755690
755753
755979
756281
756445
756502
756565
756714
756786
757083
757212
757231
757257
757331
757390
757396
757552
757681
757792
757851
758029
758085
758137
758188
758251
758258
758382
758409
758445
758467
758481
758904
758992
759005
759015
759267
759328
759442
759473
759480
759576
759696
759833
759893
759909
759931
760185
760508
760695
760716
760800
760876
760923
761003
761022
761848
761937
762022
762130
762148
762208
762592
762606
762653
762666
762825
762844
763019
763021
763044
763054
763195
763217
763312
763317
763320
763360
763938
763999
764138
764199
764317
764390
764597
764605
764706
764846
764890
764891
765022
765048
765112
765149
765327
765405
765531
765594
765685
765727
765783
765879
765884
765957
766021
766024
766255
766416
766428
766456
766589
766841
767041
767121
767125
767181
767183
767187
767224
767496
767514
767745
767882
768039
768089
768356
768469
768542
768564
769061
769066
769319
769358
769485
769636
769680
769795
770144
770287
770323
770397
770539
770587
770743
770995
771087
771186
771193
771265
771674
771697
771709
771879
772265
772347
772561
772619
772687
772843
772878
773043
773099
773115
773155
773366
773415
773474
773666
773685
773696
773705
773814
773837
774042
774050
774299
774321
774349
774417
774539
774622
774668
774713
774728
774742
774812
774837
774865
774885
774920
774938
774950
775063
775089
775172
775173
775204
775215
775387
775440
775609
775779
775943
775990
776039
776059
776106
776190
776196
776281
776537
776688
776867
776877
776911
776944
776957
776959
776985
777077
777158
777270
777401
777495
777533
777580
777645
777779
777970
778217
778235
778332
778353
778854
778900
778997
779012
779170
779284
779353
779497
779573
779747
779750
779890
779907
779931
780324
780344
780444
780547
780661
780693
780770
780978
781026
781398
781627
781726
782058
782115
782120
782150
782250
782255
782364
782376
782855
783172
783238
783399
783709
783874
783951
783989
784041
784781
784795
785053
785188
785498
785550
785556
785568
785599
785766
785837
785946
786084
786094
786239
786339
786407
786635
786639
787041
787270
787283
787319
787419
787430
787609
787619
787684
787700
787878
788031
788077
788213
788313
788409
788458
788465
788580
788645
788698
788721
788773
788780
788840
789010
789192
789274
789380
789657
789918
789920
789987
790099
790255
790291
790303
790359
790523
790767
790990
791046
791121
791300
791484
791521
791542
791637
791656
791665
791866
791881
791941
791970
792274
792445
792457
792564
792592
792699
792749
792797
792879
792937
792950
792951
792973
792995
793011
793032
793251
793485
793531
793640
793650
793677
793872
794019
794150
794289
794313
794408
794428
794581
794635
794638
794816
794828
794874
794879
794907
794997
795479
795576
795601
795708
795791
795795
795900
795910
796032
796280
796462
796485
796492
796619
796720
796760
796837
796842
796910
797246
797298
797314
797447
797466
797512
797652
797712
797740
797831
797860
798078
798162
798195
798267
798458
798519
798569
798762
798774
798929
798967
799277
799291
799495
799556
799744
799746
799762
799855
800053
800170
800264
800282
800446
800470
800513
800664
800773
800988
801218
801252
801306
801630
801645
801709
801755
801831
801856
801909
802091
802284
802297
802466
802745
802915
802983
803020
803374
803505
803567
803700
803750
803779
803805
803842
803847
804003
804143
804239
804269
804339
804402
804694
804940
804957
804966
805084
805262
805363
805413
805434
805447
805507
805670
805982
806201
806325
806351
806563
806606
806662
806689
806751
806767
806995
807112
807186
807545
807852
807970
807991
808254
808261
808267
808269
808370
808413
808435
808468
808628
808775
808871
809027
809250
809496
809573
809617
809620
809657
809683
809684
809779
809848
809875
810045
810099
810120
810125
810152
810156
810206
810334
810349
810427
810663
810710
810787
810823
810927
810946
810990
811001
811055
811111
811270
811322
811343
811511
811669
811676
811768
811904
811960
811988
812051
812324
812448
812460
812536
812538
812723
812824
812869
813084
813102
813264
813300
813397
813441
813458
813482
813559
813719
813854
814017
814056
814123
814251
814322
814605
814698
814763
814873
814892
815027
815092
815127
815190
815311
815358
815394
815474
815638
815722
815763
815784
815785
815792
816037
816133
816186
816215
816285
816510
816523
816668
816670
816992
817020
817027
817261
817308
817486
817489
817741
817766
817864
818185
818188
818210
818314
818443
818605
818637
818648
818655
818670
818880
818970
819015
819111
819191
819249
819373
819406
819517
819675
819924
820011
820022
820228
820391
820660
820799
820840
821158
821217
821554
821692
822050
822155
822258
822387
822418
822608
822654
822981
822996
823008
823040
823424
823442
823614
823743
823826
824179
824396
824740
824760
824810
824856
824868
825127
825230
825442
825556
825612
825748
825891
825943
825957
825977
826159
826209
826279
826360
826429
826445
826583
826677
826702
826822
826894
827300
827489
827641
827842
827877
827893
827939
827948
828087
828143
828223
828286
828444
828447
828564
828602
828779
828979
828984
829002
829015
829041
829342
829523
829674
829720
829973
830229
830432
830434
830656
830703
830751
830784
830788
830949
830971
831237
831423
831494
831549
831555
831569
831657
831827
831843
831935
831973
832157
832191
832197
832281
832286
832415
832627
832637
832668
832752
832958
832990
832993
833027
833503
833534
833613
833644
833687
833693
833712
834087
834152
834159
834355
834395
834407
834494
834580
834593
834652
834715
834736
834743
834814
834845
835020
835094
835119
835243
835269
835379
835465
835547
835552
835569
835715
835776
835810
835835
835868
835954
836057
836095
836117
836141
836171
836239
836270
836338
836360
836410
836414
836424
836543
836756
837061
837130
837300
837473
837523
837605
837608
837848
837888
838119
838424
838639
838694
838701
838898
839054
839156
839197
839213
839339
839768
840074
840214
840401
840548
840566
840578
840717
840804
840904
840957
841208
841209
841272
841292
841295
841818
842062
842066
842072
842089
842247
842277
842379
842380
842426
842461
842511
842516
842576
842752
842888
842920
842986
843203
843517
843570
843654
843684
843733
843843
843902
843937
843957
843963
844008
844090
844206
844275
844352
844478
844674
844828
844898
844959
845205
845210
845247
845322
845366
845408
845420
845541
845590
845624
845667
845716
845727
845740
846072
846106
846304
846333
846338
846446
847002
847038
847145
847224
847311
847333
847353
847354
847401
847531
847635
847678
847990
848020
848114
848292
848298
848354
848455
848513
848524
848569
848711
848787
848798
848874
848970
849010
849107
849188
849378
849522
849640
850050
850610
850648
850795
850864
851074
851141
851143
851379
851468
851694
851710
851760
851823
851862
851901
851975
852083
852167
852550
852685
852723
852859
852899
853188
853198
853254
853462
853518
853527
853565
853857
853884
853972
854006
854104
854258
854300
854395
854486
854653
854703
854856
854885
854891
855013
855040
855088
855364
855636
855664
855668
855928
855981
856046
856159
856211
856385
856389
856425
856498
856527
856609
856888
856957
857038
857102
857218
857325
857355
857398
857428
857444
857475
857671
857763
857778
858049
858192
858394
858503
858507
858556
858728
858729
858832
858923
859004
859155
859205
859312
859447
859448
859480
859571
859812
859976
860387
860403
860507
860657
860747
860826
860910
860919
860928
861042
861189
861191
861209
861212
861393
861504
861747
861748
861753
861805
861829
861869
861930
862134
862281
862295
862381
862387
862639
862640
862783
862804
862940
862969
863089
863096
863150
863212
863413
863499
863710
863714
863955
864068
864088
864090
864570
864770
864880
864951
865557
865688
865768
865838
865873
865889
865895
865921
865957
865959
866007
866043
866138
866217
866265
866298
866407
866464
866631
866635
866732
866823
866914
867024
867181
867233
867250
867285
867295
867355
867376
867447
867643
867662
867703
867870
868064
868393
868557
868592
868634
868672
868691
868939
868972
869162
869321
869322
869468
869583
869716
869862
869910
870159
870252
870312
870321
870451
870841
870926
870969
871081
871104
871283
871319
871322
871473
871556
871558
871695
871863
872026
872097
872127
872338
872404
872552
872571
872609
872627
872918
873006
873084
873121
873163
873248
873457
873572
873775
873813
873979
874043
874060
874156
874272
874301
874394
874421
874526
874558
874566
874591
874662
874783
874998
875260
875329
875614
875680
875695
875923
876023
876054
876073
876145
876296
876967
876991
877031
877067
877229
877259
877286
877305
877424
877454
877599
877687
877747
877906
877990
878076
878089
878154
878463
878670
878772
878959
878985
879309
879384
879402
879555
879787
879861
879992
880019
880053
880216
880244
880278
880530
880690
880702
880713
880716
880738
880742
880794
880796
880952
881046
881134
881164
881269
881287
881343
881563
881759
881794
881934
881975
881980
882016
882073
882367
882390
882533
882547
882760
882786
883030
883033
883445
883446
883506
883543
883591
883878
883915
884009
884346
884369
884379
884434
884572
884593
884746
884968
885489
885492
885608
885737
885800
885819
885906
885922
886159
886194
886205
886232
886344
886440
886650
886706
886837
886839
886996
887005
887013
887094
887139
887440
887577
887598
887600
887889
888051
888066
888153
888172
888437
888549
888551
888806
888867
888982
889056
889096
889114
889126
889226
889287
889484
889637
889716
889872
889874
890148
890179
890190
890193
890267
890322
890357
890368
890470
890590
890615
890652
890686
890693
890709
890724
890743
891102
891161
891195
891329
891358
891482
891499
891653
891655
891887
891907
891949
892061
892407
892434
892457
892488
892575
892621
892750
892814
892970
893064
893102
893136
893197
893458
893581
893972
894065
894101
894132
894254
894302
894448
894503
894577
894637
894649
894650
894727
894764
894796
894835
894911
894993
895209
895446
895457
895489
895526
895615
895648
895666
895670
895712
895827
896017
896128
896554
896620
896628
896647
896800
896922
896939
897057
897194
897368
897399
897488
897533
897597
897732
897734
898010
898033
898049
898106
898285
898438
898578
898731
898735
898743
898819
898867
898980
899029
899049
899255
899348
899370
899417
899437
899517
899689
899822
899860
899929
900023
900151
900233
900277
900288
900293
900297
900366
900534
900639
900707
900856
900923
901208
901435
901615
901690
901753
902001
902084
902305
902358
902403
902445
902469
902502
902640
902722
902786
902863
902883
902968
903088
903106
903260
903486
903555
903580
903663
903682
903703
903794
903974
903977
904073
904273
904290
904381
904442
904478
904485
904540
904562
904656
904676
904860
905023
905305
905439
905473
905703
905779
905813
905955
905979
906081
906181
906275
906306
906354
906361
906372
906625
906681
906944
906976
907119
907219
907309
907323
907489
907495
907803
907853
908166
908191
908233
908247
908254
908375
908445
908531
908537
908555
908761
908837
908894
908911
908935
909160
909191
909364
909421
909645
909675
909719
909732
909954
909961
910076
910100
910265
910361
910561
910587
910628
910709
910714
910719
910746
910901
910915
911085
911255
911271
911400
911476
911482
911484
911565
911793
911806
911851
911983
912000
912034
912045
912113
912172
912224
912303
912390
912825
912840
912867
912909
913057
913081
913122
913163
913194
913317
913334
913481
913582
913747
913807
913841
914024
914226
914374
914440
914533
914610
914612
914618
914621
914706
914811
914901
914957
915333
915519
915606
915959
915977
915998
916070
916193
916353
916390
916402
916470
916488
916605
916704
916746
916846
916905
916941
916958
917149
917194
917236
917368
917513
917546
917733
917908
918014
918025
918060
918155
918261
918313
918314
918404
918445
918552
918684
918842
918851
918880
918917
919011
919272
919311
919404
919426
919605
919673
919862
920039
920153
920183
920197
920286
920407
920501
920618
920638
920787
921115
921210
921242
921256
921432
921573
921577
921644
921804
921826
921861
921980
921996
922039
922332
922382
922469
922610
922738
922832
922844
922949
923133
923231
923421
923440
923452
923526
923602
923664
923815
923955
923992
924005
924047
924182
924239
924329
924358
924404
924405
924421
924603
924604
925011
925012
925075
925223
925230
925268
925300
925428
925807
925886
926082
926139
926142
926240
926374
926462
926477
926489
926594
926706
926779
926882
926954
926958
927199
927291
927302
927529
927718
927731
927773
927888
928034
928166
928203
928314
928405
928430
928527
928616
928960
929036
929156
929423
929455
929460
929591
929633
929676
929679
929805
929864
929916
930024
930079
930135
930285
930382
930470
930480
930612
930931
930987
931341
931547
931607
931705
931724
931790
931954
932048
932073
932146
932465
932738
932761
932798
932833
932878
932961
933368
933585
933973
934017
934172
934272
934338
934444
934767
934768
934796
934993
935049
935246
935425
935497
935571
935617
935738
935862
936162
936172
936175
936373
936561
936570
936828
936869
936961
936962
936981
937004
937256
937259
937332
937434
937646
937792
937916
937987
938130
938270
938304
938488
938499
938650
938662
938663
938676
938836
938869
939018
939030
939180
939321
939325
939385
939401
939490
939946
940086
940098
940151
940250
940386
940419
940453
940505
940558
940636
940844
941351
941752
941937
942007
942076
942125
942138
942246
942311
942403
942422
942580
942587
942606
942621
942710
942759
943050
943084
943180
943197
943211
943223
943262
943273
943372
943431
943468
943549
943587
943590
943641
943672
943792
943868
943994
944079
944134
944164
944248
944613
944682
944736
944901
944917
944943
945003
945055
945198
945210
945350
945362
945472
945745
945763
945788
945869
945926
946085
946316
946389
946521
946791
946940
947212
947281
947289
947399
947609
947787
947818
947868
947962
948058
948076
948104
948129
948213
948249
948299
948386
948442
948691
948808
948887
948974
949281
949326
949366
949388
949422
949595
949690
949770
949781
949830
949881
949908
949971
949992
950077
950190
950224
950353
950396
950429
950439
950450
950628
950692
950770
950889
950944
951018
951190
951261
951669
951712
951721
951889
951958
951997
952043
952045
952103
952135
952409
952563
952615
952759
952823
952851
953036
953189
953227
953297
953429
953452
953466
953512
953723
953930
953934
954041
954114
954166
954187
954374
954387
954451
954664
954713
954792
954882
955277
955323
955358
955438
955547
955819
955864
956076
956083
956164
956203
956268
956347
956445
956540
956793
956899
957052
957151
957155
957165
957261
957435
957703
958076
958280
958325
958337
958489
958556
958571
958635
958757
958911
958997
959026
959042
959327
959363
959645
959729
959787
959824
960076
960089
960143
960191
960325
960575
960578
960598
960681
960723
960831
961013
961133
961179
961210
961223
961253
961560
961598
961631
961648
961815
961851
962043
962044
962138
962155
962186
962245
962332
962597
962748
962898
963170
963459
963493
963553
963606
963646
963704
963733
963765
963818
964018
964041
964225
964356
964387
964389
964637
964795
964837
964939
964990
965047
965127
965264
965345
965760
965767
965880
965932
965936
966417
966445
966779
967111
967256
967389
967500
967600
967637
967661
967669
967674
967893
967897
968019
968025
968058
968091
968138
968194
968406
968451
968490
968622
968678
968696
968739
969179
969242
969248
969284
969412
969538
969609
969940
970033
970302
970358
970373
970380
970395
970450
970718
970822
970903
971165
971194
971309
971364
971639
972014
972046
972256
972257
972610
972748
972802
972969
973113
973303
973400
973404
973655
973777
973849
973939
973948
974018
974107
974131
974199
974271
974276
974397
974405
974523
974545
974685
974756
974932
974933
975003
975355
975553
975586
975799
975811
975839
976213
976218
976298
976416
976730
976732
976891
977064
977126
977133
977466
977480
977488
977501
977614
977832
977881
977930
978016
978055
978325
978380
978390
978623
978638
978669
978738
978867
978994
979047
979171
979428
979474
979710
979844
979882
979949
980315
980375
980398
980557
980582
980666
980754
981118
981319
981340
981359
981504
981540
981685
981786
982092
982113
982201
982238
982565
982610
982727
982785
982900
983040
983135
983176
983379
983391
983419
983521
983531
983542
983565
983653
983886
983951
984151
984211
984301
984508
984604
984643
984834
984854
985005
985024
985038
985229
985333
985339
985341
985345
985641
985646
985896
986026
986153
986179
986282
986302
986390
986547
986624
986644
987093
987324
987377
987457
987609
987656
987682
987809
987871
987890
987997
987999
988120
988149
988151
988400
988565
988608
988850
988944
989060
989096
989129
989216
989223
989229
989388
989663
989690
990209
990379
990503
990611
990644
990693
990705
990802
990933
990978
991034
991082
991290
991297
991419
991422
991441
991459
991576
991597
991622
991662
991669
991877
991894
991920
992011
992059
992300
992513
992626
992677
992812
992827
992982
993299
993329
993403
993416
993598
993616
993653
993669
993735
994307
994514
994684
994696
994835
994877
995021
995045
995088
995183
995326
995391
995421
995425
995630
995651
995795
995877
995959
996126
996155
996163
996261
996283
996333
996385
996534
996741
996950
996960
997051
997280
997296
997503
997612
997721
997842
998163
998175
998206
998213
998447
998823
998850
998948
999121
999139
999266
999525
999655
999688
999781
999818
999860
999861
999886
999947
999986